Precision	Recall
1.0	0.0
1.0	0.001001001001
0.5	0.002002002002
0.428571428571	0.003003003003
0.5	0.004004004004
0.6	0.00600600600601
0.583333333333	0.00700700700701
0.533333333333	0.00800800800801
0.529411764706	0.00900900900901
0.526315789474	0.01001001001
0.52380952381	0.011011011011
0.545454545455	0.012012012012
0.565217391304	0.013013013013
0.538461538462	0.014014014014
0.555555555556	0.015015015015
0.533333333333	0.016016016016
0.515151515152	0.017017017017
0.514285714286	0.018018018018
0.527777777778	0.019019019019
0.525	0.021021021021
0.52380952381	0.022022022022
0.521739130435	0.024024024024
0.490196078431	0.025025025025
0.5	0.026026026026
0.509433962264	0.027027027027
0.491228070175	0.028028028028
0.5	0.029029029029
0.491803278689	0.03003003003
0.5	0.032032032032
0.507692307692	0.033033033033
0.507462686567	0.034034034034
0.5	0.035035035035
0.5	0.036036036036
0.481012658228	0.038038038038
0.493827160494	0.04004004004
0.48275862069	0.042042042042
0.494382022472	0.044044044044
0.494505494505	0.045045045045
0.5	0.046046046046
0.505376344086	0.047047047047
0.510638297872	0.048048048048
0.505154639175	0.049049049049
0.510204081633	0.0500500500501
0.515151515152	0.0510510510511
0.509803921569	0.0520520520521
0.519230769231	0.0540540540541
0.514018691589	0.0550550550551
0.509090909091	0.0560560560561
0.517857142857	0.0580580580581
0.522123893805	0.0590590590591
0.521739130435	0.0600600600601
0.525862068966	0.0610610610611
0.521008403361	0.0620620620621
0.512195121951	0.0630630630631
0.512	0.0640640640641
0.5234375	0.0670670670671
0.530303030303	0.0700700700701
0.529850746269	0.0710710710711
0.532846715328	0.0730730730731
0.539568345324	0.0750750750751
0.542857142857	0.0760760760761
0.552447552448	0.0790790790791
0.563758389262	0.0840840840841
0.555555555556	0.0850850850851
0.550632911392	0.0870870870871
0.549382716049	0.0890890890891
0.548192771084	0.0910910910911
0.549707602339	0.0940940940941
0.549132947977	0.0950950950951
0.551136363636	0.0970970970971
0.54748603352	0.0980980980981
0.543956043956	0.0990990990991
0.546448087432	0.1001001001
0.548913043478	0.101101101101
0.55614973262	0.104104104104
0.552083333333	0.106106106106
0.545918367347	0.107107107107
0.542713567839	0.108108108108
0.542288557214	0.109109109109
0.546798029557	0.111111111111
0.54854368932	0.113113113113
0.539906103286	0.115115115115
0.543778801843	0.118118118118
0.538461538462	0.119119119119
0.535398230088	0.121121121121
0.535087719298	0.122122122122
0.534482758621	0.124124124124
0.529661016949	0.125125125125
0.533613445378	0.127127127127
0.533333333333	0.128128128128
0.537190082645	0.13013013013
0.534693877551	0.131131131131
0.538461538462	0.133133133133
0.537848605578	0.135135135135
0.541176470588	0.138138138138
0.540856031128	0.139139139139
0.538167938931	0.141141141141
0.527881040892	0.142142142142
0.527675276753	0.143143143143
0.531135531136	0.145145145145
0.523297491039	0.146146146146
0.521126760563	0.148148148148
0.520979020979	0.149149149149
0.51724137931	0.15015015015
0.520408163265	0.153153153153
0.523648648649	0.155155155155
0.516447368421	0.157157157157
0.517915309446	0.159159159159
0.51768488746	0.161161161161
0.518987341772	0.164164164164
0.51875	0.166166166166
0.518633540373	0.167167167167
0.52	0.169169169169
0.519877675841	0.17017017017
0.519756838906	0.171171171171
0.522522522523	0.174174174174
0.520833333333	0.175175175175
0.520588235294	0.177177177177
0.517441860465	0.178178178178
0.51884057971	0.179179179179
0.520114942529	0.181181181181
0.517045454545	0.182182182182
0.51404494382	0.183183183183
0.513966480447	0.184184184184
0.513812154696	0.186186186186
0.516483516484	0.188188188188
0.51912568306	0.19019019019
0.517615176152	0.191191191191
0.514745308311	0.192192192192
0.514588859416	0.194194194194
0.507772020725	0.196196196196
0.507692307692	0.198198198198
0.511450381679	0.201201201201
0.511392405063	0.202202202202
0.51	0.204204204204
0.508684863524	0.205205205205
0.504901960784	0.206206206206
0.508515815085	0.209209209209
0.509708737864	0.21021021021
0.512019230769	0.213213213213
0.513126491647	0.215215215215
0.514218009479	0.217217217217
0.512941176471	0.218218218218
0.511627906977	0.22022022022
0.511574074074	0.221221221221
0.510250569476	0.224224224224
0.509049773756	0.225225225225
0.511261261261	0.227227227227
0.513452914798	0.229229229229
0.513333333333	0.231231231231
0.515418502203	0.234234234234
0.518599562363	0.237237237237
0.517391304348	0.238238238238
0.519480519481	0.24024024024
0.520518358531	0.241241241241
0.519230769231	0.243243243243
0.522292993631	0.246246246246
0.523206751055	0.248248248248
0.523012552301	0.25025025025
0.522821576763	0.252252252252
0.518442622951	0.253253253253
0.519427402863	0.254254254254
0.521212121212	0.258258258258
0.524	0.262262262262
0.524850894632	0.264264264264
0.515564202335	0.265265265265
0.520628683694	0.265265265265
0.514506769826	0.266266266266
0.515384615385	0.268268268268
0.517175572519	0.271271271271
0.515151515152	0.272272272272
0.514071294559	0.274274274274
0.513966480447	0.276276276276
0.51197053407	0.278278278278
0.513711151737	0.281281281281
0.51268115942	0.283283283283
0.513513513514	0.285285285285
0.516994633274	0.289289289289
0.516873889876	0.291291291291
0.515901060071	0.292292292292
0.515845070423	0.293293293293
0.518388791594	0.296296296296
0.518260869565	0.298298298298
0.520761245675	0.301301301301
0.519725557461	0.303303303303
0.519591141397	0.305305305305
0.518518518519	0.308308308308
0.515806988353	0.31031031031
0.517529215359	0.31031031031
0.510638297872	0.312312312312
0.508090614887	0.314314314314
0.506430868167	0.315315315315
0.50641025641	0.316316316316
0.505582137161	0.317317317317
0.507154213037	0.319319319319
0.505529225908	0.32032032032
0.504702194357	0.322322322322
0.506230529595	0.325325325325
0.506211180124	0.326326326326
0.505409582689	0.327327327327
0.501529051988	0.328328328328
0.503793626707	0.332332332332
0.503770739065	0.334334334334
0.503003003003	0.335335335335
0.501492537313	0.336336336336
0.500740740741	0.338338338338
0.499265785609	0.34034034034
0.5	0.342342342342
0.499276410999	0.345345345345
0.50071942446	0.348348348348
0.502865329513	0.351351351351
0.499290780142	0.352352352352
0.501412429379	0.355355355355
0.501404494382	0.357357357357
0.50139275766	0.36036036036
0.500693481276	0.361361361361
0.501388888889	0.361361361361
0.5	0.364364364364
0.499319727891	0.367367367367
0.501366120219	0.367367367367
0.50135501355	0.37037037037
0.50336473755	0.374374374374
0.504010695187	0.377377377377
0.502652519894	0.379379379379
0.501319261214	0.38038038038
0.50197109067	0.382382382382
0.502610966057	0.385385385385
0.503896103896	0.388388388388
0.501285347044	0.39039039039
0.502551020408	0.394394394394
0.503797468354	0.398398398398
0.503787878788	0.399399399399
0.503144654088	0.4004004004
0.503113325031	0.404404404404
0.504326328801	0.408408408408
0.502457002457	0.409409409409
0.502450980392	0.41041041041
0.503052503053	0.412412412412
0.503037667072	0.414414414414
0.503623188406	0.417417417417
0.502398081535	0.419419419419
0.502994011976	0.42042042042
0.502965599051	0.424424424424
0.501770956316	0.425425425425
0.502358490566	0.426426426426
0.502930832356	0.429429429429
0.504084014002	0.432432432432
0.504651162791	0.434434434434
0.505202312139	0.437437437437
0.504027617952	0.438438438438
0.503432494279	0.44044044044
0.503990877993	0.442442442442
0.505096262741	0.446446446446
0.505630630631	0.449449449449
0.501672240803	0.45045045045
0.503333333333	0.453453453453
0.503867403315	0.456456456456
0.504385964912	0.46046046046
0.503253796095	0.464464464464
0.502696871629	0.466466466466
0.502679528403	0.469469469469
0.503735325507	0.472472472472
0.504772004242	0.476476476476
0.50422832981	0.477477477477
0.503680336488	0.479479479479
0.502092050209	0.48048048048
0.4994807892	0.481481481481
0.5	0.484484484484
0.501544799176	0.487487487487
0.500512820513	0.488488488488
0.5	0.491491491491
0.498480243161	0.492492492492
0.496975806452	0.493493493493
0.495495495495	0.495495495495
0.496510468594	0.498498498498
0.498011928429	0.501501501502
0.498510427011	0.502502502503
0.497536945813	0.505505505506
0.499019607843	0.50950950951
0.498046875	0.510510510511
0.497575169738	0.513513513514
0.498076923077	0.518518518519
0.498084291188	0.520520520521
0.497616777884	0.522522522523
0.496682464455	0.524524524525
0.496701225259	0.527527527528
0.495782567948	0.52952952953
0.495798319328	0.531531531532
0.492592592593	0.532532532533
0.490358126722	0.534534534535
0.49268738574	0.53953953954
0.492265696087	0.541541541542
0.49365942029	0.545545545546
0.494575045208	0.547547547548
0.494170403587	0.551551551552
0.493309545049	0.553553553554
0.491134751773	0.554554554555
0.492063492063	0.558558558559
0.491212653779	0.55955955956
0.492119089317	0.562562562563
0.489565217391	0.563563563564
0.490924805532	0.568568568569
0.489708404803	0.571571571572
0.490162532079	0.573573573574
0.49104859335	0.576576576577
0.490677966102	0.57957957958
0.492398648649	0.583583583584
0.493277310924	0.587587587588
0.494137353434	0.590590590591
0.493333333333	0.592592592593
0.494176372712	0.594594594595
0.495024875622	0.597597597598
0.492586490939	0.598598598599
0.492610837438	0.600600600601
0.492232215863	0.602602602603
0.493506493506	0.608608608609
0.494345718901	0.612612612613
0.493161705551	0.613613613614
0.493985565357	0.616616616617
0.49481245012	0.620620620621
0.49561752988	0.622622622623
0.494444444444	0.623623623624
0.48753894081	0.626626626627
0.489214175655	0.635635635636
0.487748851455	0.637637637638
0.48406676783	0.638638638639
0.484090909091	0.63963963964
0.483408748115	0.641641641642
0.48309541698	0.643643643644
0.482035928144	0.644644644645
0.482810164425	0.646646646647
0.48322147651	0.648648648649
0.481152993348	0.651651651652
0.481236203091	0.654654654655
0.478801169591	0.655655655656
0.479181884587	0.656656656657
0.480029048656	0.661661661662
0.481186685962	0.665665665666
0.481614996395	0.668668668669
0.47994269341	0.670670670671
0.479315263909	0.672672672673
0.479772888573	0.676676676677
0.479548660085	0.680680680681
0.479691876751	0.685685685686
0.477383437717	0.686686686687
0.471633629528	0.690690690691
0.472467709041	0.695695695696
0.47332883187	0.701701701702
0.474462365591	0.706706706707
0.475585284281	0.711711711712
0.477015323118	0.716716716717
0.475149105368	0.717717717718
0.47628458498	0.723723723724
0.476377952756	0.726726726727
0.476128188358	0.728728728729
0.4765625	0.732732732733
0.477582846004	0.735735735736
0.478036175711	0.740740740741
0.477898782832	0.746746746747
0.476766390834	0.74974974975
0.477848101266	0.755755755756
0.477058453803	0.75975975976
0.478042659975	0.762762762763
0.476042314872	0.765765765766
