Precision	Recall
1.0	0.0
0.888888888889	0.0045197740113
0.923076923077	0.00677966101695
0.857142857143	0.0101694915254
0.833333333333	0.0112994350282
0.814814814815	0.0124293785311
0.833333333333	0.0141242937853
0.848484848485	0.0158192090395
0.864864864865	0.0180790960452
0.825	0.0186440677966
0.822222222222	0.0209039548023
0.803921568627	0.0231638418079
0.80701754386	0.025988700565
0.793650793651	0.0282485875706
0.764705882353	0.0293785310734
0.780821917808	0.0322033898305
0.776315789474	0.0333333333333
0.761904761905	0.0361581920904
0.758241758242	0.0389830508475
0.762886597938	0.0418079096045
0.762376237624	0.0435028248588
0.761904761905	0.045197740113
0.761467889908	0.0468926553672
0.754385964912	0.0485875706215
0.758333333333	0.0514124293785
0.747967479675	0.0519774011299
0.752	0.0531073446328
0.748091603053	0.0553672316384
0.746376811594	0.0581920903955
0.755244755245	0.0610169491525
0.758389261745	0.0638418079096
0.757961783439	0.0672316384181
0.753086419753	0.0689265536723
0.745454545455	0.0694915254237
0.739644970414	0.0706214689266
0.744186046512	0.0723163841808
0.747191011236	0.0751412429379
0.740540540541	0.0774011299435
0.739583333333	0.0802259887006
0.743718592965	0.083615819209
0.745098039216	0.0858757062147
0.745192307692	0.0875706214689
0.744075829384	0.0887005649718
0.742990654206	0.0898305084746
0.745454545455	0.0926553672316
0.743362831858	0.0949152542373
0.74347826087	0.0966101694915
0.747863247863	0.0988700564972
0.748953974895	0.101129943503
0.751037344398	0.102259887006
0.742857142857	0.102824858757
0.744939271255	0.10395480226
0.741176470588	0.106779661017
0.740458015267	0.109604519774
0.739776951673	0.112429378531
0.742647058824	0.114124293785
0.740875912409	0.114689265537
0.740072202166	0.11581920904
0.741007194245	0.116384180791
0.743859649123	0.119774011299
0.741379310345	0.121468926554
0.740614334471	0.122598870056
0.738255033557	0.124293785311
0.740863787375	0.125988700565
0.745098039216	0.128813559322
0.745222929936	0.132203389831
0.746031746032	0.132768361582
0.739938080495	0.135028248588
0.74006116208	0.136723163842
0.738601823708	0.137288135593
0.740298507463	0.14011299435
0.741176470588	0.142372881356
0.741279069767	0.14406779661
0.742028985507	0.144632768362
0.74212034384	0.146327683616
0.742209631728	0.14802259887
0.740223463687	0.149717514124
0.738888888889	0.150282485876
0.740331491713	0.151412429379
0.736413043478	0.153107344633
0.738544474394	0.154802259887
0.731382978723	0.155367231638
0.727034120735	0.156497175141
0.7265625	0.157627118644
0.723514211886	0.158192090395
0.723350253807	0.161016949153
0.725440806045	0.162711864407
0.728179551122	0.164971751412
0.726600985222	0.166666666667
0.726829268293	0.168361581921
0.727493917275	0.168926553672
0.725961538462	0.170621468927
0.72619047619	0.172316384181
0.729166666667	0.177966101695
0.730414746544	0.179096045198
0.730593607306	0.180790960452
0.729119638826	0.182485875706
0.730941704036	0.18418079096
0.729910714286	0.184745762712
0.731868131868	0.18813559322
0.726086956522	0.188700564972
0.727272727273	0.189830508475
0.726293103448	0.190395480226
0.723044397463	0.193220338983
0.724789915966	0.194915254237
0.724425887265	0.19604519774
0.726141078838	0.197740112994
0.72633744856	0.199435028249
0.727459016393	0.200564971751
0.724137931034	0.201694915254
0.716566866267	0.202824858757
0.718253968254	0.204519774011
0.717391304348	0.205084745763
0.716535433071	0.205649717514
0.716796875	0.207344632768
0.718689788054	0.210734463277
0.719769673704	0.21186440678
0.720532319392	0.214124293785
0.720754716981	0.21581920904
0.720973782772	0.217514124294
0.722532588454	0.219209039548
0.722735674677	0.220903954802
0.721611721612	0.222598870056
0.722323049002	0.224858757062
0.719928186715	0.226553672316
0.721428571429	0.228248587571
0.722123893805	0.230508474576
0.722807017544	0.232768361582
0.722513089005	0.233898305085
0.721453287197	0.235593220339
0.722891566265	0.237288135593
0.724315068493	0.238983050847
0.723259762309	0.240677966102
0.724196277496	0.241807909605
0.725589225589	0.243502824859
0.725752508361	0.245197740113
0.725913621262	0.246892655367
0.725165562914	0.247457627119
0.723228995058	0.24802259887
0.724137931034	0.249152542373
0.723577235772	0.251412429379
0.724025974026	0.25197740113
0.723300970874	0.252542372881
0.720706260032	0.253672316384
0.722044728435	0.255367231638
0.723101265823	0.258192090395
0.720125786164	0.258757062147
0.721439749609	0.260451977401
0.723172628305	0.262711864407
0.722910216718	0.26384180791
0.722650231125	0.264971751412
0.723502304147	0.266101694915
0.723926380368	0.266666666667
0.723241590214	0.267231638418
0.724085365854	0.268361581921
0.723404255319	0.268926553672
0.723981900452	0.271186440678
0.72263868066	0.272316384181
0.721726190476	0.274011299435
0.722304283604	0.276271186441
0.722873900293	0.278531073446
0.723032069971	0.280225988701
0.721098265896	0.281920903955
0.720229555237	0.283615819209
0.721428571429	0.285310734463
0.720170454545	0.286440677966
0.720963172805	0.287570621469
0.720733427362	0.288700564972
0.718487394958	0.289830508475
0.719444444444	0.292655367232
0.716850828729	0.293220338983
0.716643741403	0.294350282486
0.718194254446	0.296610169492
0.718963165075	0.297740112994
0.720108695652	0.299435028249
0.719891745602	0.300564971751
0.718120805369	0.302259887006
0.719251336898	0.30395480226
0.719041278296	0.305084745763
0.718253968254	0.306779661017
0.719367588933	0.308474576271
0.720105124836	0.309604519774
0.721204188482	0.311299435028
0.720052083333	0.312429378531
0.71834625323	0.314124293785
0.718146718147	0.315254237288
0.716666666667	0.31581920904
0.717029449424	0.316384180791
0.717197452229	0.318079096045
0.71791613723	0.319209039548
0.717363751584	0.319774011299
0.716814159292	0.320338983051
0.716624685139	0.321468926554
0.715181932246	0.322033898305
0.712858926342	0.322598870056
0.71375	0.322598870056
0.713930348259	0.324293785311
0.713226205192	0.325988700565
0.712530712531	0.327683615819
0.71271393643	0.329378531073
0.712895377129	0.331073446328
0.712378640777	0.331638418079
0.71186440678	0.332203389831
0.712560386473	0.333333333333
0.712740384615	0.335028248588
0.713085234094	0.335593220339
0.713429256595	0.33615819209
0.71377245509	0.336723163842
0.710714285714	0.337288135593
0.710059171598	0.338983050847
0.709563164109	0.339548022599
0.709411764706	0.340677966102
0.707602339181	0.341807909605
0.706293706294	0.342372881356
0.706155632985	0.343502824859
0.706496519722	0.34406779661
0.705202312139	0.344632768362
0.703917050691	0.345197740113
0.704128440367	0.346892655367
0.703196347032	0.34802259887
0.703071672355	0.349152542373
0.701357466063	0.350282485876
0.700112739572	0.350847457627
0.7	0.35197740113
0.699888017917	0.353107344633
0.698553948832	0.354802259887
0.698781838317	0.356497175141
0.699007717751	0.358192090395
0.699669966997	0.359322033898
0.7	0.35988700565
0.699890470975	0.361016949153
0.699018538713	0.362146892655
0.699239956569	0.36384180791
0.699891657638	0.364971751412
0.698600645856	0.366666666667
0.699353448276	0.366666666667
0.697749196141	0.367796610169
0.697972251868	0.369491525424
0.698615548456	0.370621468927
0.698513800425	0.371751412429
0.698093220339	0.372316384181
0.699049630412	0.374011299435
0.699263932702	0.375706214689
0.699476439791	0.377401129944
0.699059561129	0.377966101695
0.69968717414	0.379096045198
0.698445595855	0.380790960452
0.698347107438	0.381920903955
0.699279093718	0.383615819209
0.698869475848	0.38418079096
0.69836400818	0.385875706215
0.69918699187	0.388700564972
0.699797160243	0.389830508475
0.700101317123	0.390395480226
0.700707785642	0.391525423729
0.701311806256	0.392655367232
0.701507537688	0.394350282486
0.70110330993	0.394915254237
0.7	0.395480225989
0.699203187251	0.396610169492
0.699502487562	0.397175141243
0.699106256207	0.397740112994
0.69900990099	0.398870056497
0.699211045365	0.400564971751
0.699115044248	0.401694915254
0.7	0.403389830508
0.699608610568	0.40395480226
0.699512195122	0.405084745763
0.697674418605	0.406779661017
0.698550724638	0.408474576271
0.698076923077	0.410169491525
0.697318007663	0.411299435028
0.696940726577	0.41186440678
0.696854146806	0.412994350282
0.694786729858	0.414124293785
0.695075757576	0.414689265537
0.694627709708	0.416384180791
0.695202257761	0.417514124294
0.693820224719	0.418644067797
0.694029850746	0.420338983051
0.693953488372	0.421468926554
0.69387755102	0.422598870056
0.693160813309	0.423728813559
0.69365225391	0.425988700565
0.693296602388	0.426553672316
0.693223443223	0.427683615819
0.692237442922	0.428248587571
0.692167577413	0.429378531073
0.692727272727	0.430508474576
0.692934782609	0.432203389831
0.691960252936	0.432768361582
0.690990990991	0.433333333333
0.690026954178	0.433898305085
0.689346463742	0.435028248588
0.688670829616	0.43615819209
0.687722419929	0.436723163842
0.687056737589	0.437853107345
0.686725663717	0.438418079096
0.686395759717	0.438983050847
0.686948853616	0.44011299435
0.686842105263	0.442372881356
0.686514886165	0.442937853107
0.687062937063	0.44406779661
0.687336244541	0.444632768362
0.686411149826	0.445197740113
0.686956521739	0.446327683616
0.687175043328	0.44802259887
0.686851211073	0.448587570621
0.686206896552	0.449717514124
0.686156491831	0.450847457627
0.686375321337	0.452542372881
0.686056458512	0.453107344633
0.686006825939	0.454237288136
0.686274509804	0.454802259887
0.686224489796	0.45593220339
0.686174724343	0.457062146893
0.685859441152	0.457627118644
0.686440677966	0.457627118644
0.685810810811	0.458757062147
0.685762426285	0.45988700565
0.685666387259	0.462146892655
0.685045948204	0.463276836158
0.685	0.464406779661
0.68578553616	0.466101694915
0.686046511628	0.466666666667
0.686307053942	0.467231638418
0.685690653433	0.468361581921
0.685383980182	0.468926553672
0.684514003295	0.469491525424
0.684470008217	0.470621468927
0.684426229508	0.471751412429
0.685200327065	0.473446327684
0.684897959184	0.474011299435
0.685667752443	0.475706214689
0.685365853659	0.476271186441
0.685320356853	0.477401129944
0.685275080906	0.478531073446
0.685783521809	0.479661016949
0.685737308622	0.480790960452
0.685691318328	0.481920903955
0.686195826645	0.483050847458
0.685051958433	0.48418079096
0.686148919135	0.48418079096
0.684964200477	0.486440677966
0.685214626391	0.487005649718
0.685714285714	0.48813559322
0.685963521015	0.488700564972
0.685624012638	0.490395480226
0.686367218282	0.49209039548
0.686614173228	0.492655367232
0.687843137255	0.495480225989
0.68803752932	0.497175141243
0.687451286048	0.498305084746
0.687937743191	0.499435028249
0.68653250774	0.501129943503
0.686198920586	0.502824858757
0.685912240185	0.503389830508
0.686349693252	0.505649717514
0.686304514155	0.506779661017
0.685736079329	0.50790960452
0.685692541857	0.509039548023
0.686125852919	0.511299435028
0.686838124054	0.512994350282
0.687074829932	0.513559322034
0.687028657617	0.514689265537
0.687453042825	0.516949152542
0.687687687688	0.517514124294
0.687125748503	0.518644067797
0.687359760658	0.519209039548
0.687593423019	0.519774011299
0.687779433681	0.521468926554
0.688011913626	0.522033898305
0.687732342007	0.522598870056
0.687964338782	0.523163841808
0.687916975537	0.524293785311
0.687869822485	0.525423728814
0.687315634218	0.526553672316
0.687776141384	0.527683615819
0.687958883994	0.529378531073
0.688416422287	0.530508474576
0.687134502924	0.531073446328
0.68804664723	0.533333333333
0.688727272727	0.535028248588
0.688179840464	0.53615819209
0.689081706435	0.538418079096
0.687815428983	0.538983050847
0.687050359712	0.539548022599
0.6875	0.540677966102
0.687455197133	0.541807909605
0.688125894134	0.543502824859
0.688079942898	0.544632768362
0.688256227758	0.546327683616
0.688210227273	0.547457627119
0.687898089172	0.549152542373
0.688073394495	0.550847457627
0.687808315715	0.551412429379
0.68701754386	0.553107344633
0.686974789916	0.554237288136
0.686932215234	0.555367231638
0.686671318911	0.55593220339
0.686629526462	0.557062146893
0.684941013185	0.557627118644
0.684684684685	0.558192090395
0.684429065744	0.558757062147
0.684174153421	0.559322033898
0.684827586207	0.561016949153
0.68479008947	0.562146892655
0.68543956044	0.56384180791
0.684715558602	0.564406779661
0.68514715948	0.565536723164
0.6853625171	0.566101694915
0.685324232082	0.567231638418
0.68553888131	0.567796610169
0.685286103542	0.568361581921
0.685210312076	0.570621468927
0.684959349593	0.571186440678
0.68492224476	0.572316384181
0.684885290148	0.573446327684
0.685097774781	0.574011299435
0.684599865501	0.575141242938
0.684563758389	0.576271186441
0.684527796383	0.577401129944
0.684702738811	0.579096045198
0.684456304203	0.579661016949
0.684210526316	0.580225988701
0.684175531915	0.581355932203
0.683930942895	0.581920903955
0.684350132626	0.583050847458
0.684105960265	0.583615819209
0.684315023163	0.58418079096
0.683828382838	0.585310734463
0.683135704875	0.585875706215
0.682894736842	0.586440677966
0.683727034121	0.588700564972
0.684141546527	0.589830508475
0.68390052356	0.590395480226
0.683420365535	0.591525423729
0.682942708333	0.592655367232
0.68338762215	0.592655367232
0.682704811443	0.593220338983
0.682673588579	0.594350282486
0.682642487047	0.595480225989
0.682406209573	0.59604519774
0.682611506141	0.596610169492
0.682989690722	0.598870056497
0.68231511254	0.599435028249
0.682519280206	0.6
0.682488774856	0.601129943503
0.682254964766	0.601694915254
0.682021753039	0.602259887006
0.682225063939	0.602824858757
0.682833439694	0.604519774011
0.683035714286	0.605084745763
0.682136045772	0.606214689266
0.682106598985	0.607344632768
0.682509505703	0.608474576271
0.681846932321	0.609039548023
0.681617182565	0.609604519774
0.6815889029	0.610734463277
0.681789540013	0.611299435028
0.681560730019	0.61186440678
0.681104833647	0.612994350282
0.680025046963	0.613559322034
0.680225281602	0.614124293785
0.679575265459	0.614689265537
0.679551122195	0.61581920904
0.679327521793	0.616384180791
0.679726368159	0.617514124294
0.680322780881	0.619209039548
0.680495356037	0.620903954802
0.680890538033	0.622033898305
0.680864197531	0.623163841808
0.680418719212	0.624293785311
0.679361179361	0.624858757062
0.679778733866	0.624858757062
0.679534313725	0.626553672316
0.679926560588	0.627683615819
0.680122324159	0.628248587571
0.680513133781	0.629378531073
0.681291895186	0.631638418079
0.681485992692	0.632203389831
0.681873479319	0.633333333333
0.682066869301	0.633898305085
0.682260024301	0.634463276836
0.682038834951	0.635028248588
0.681983071342	0.637288135593
0.682175226586	0.637853107345
0.682147165259	0.638983050847
0.682530120482	0.64011299435
0.681900180397	0.640677966102
0.682063587283	0.642372881356
0.682634730539	0.64406779661
0.683014354067	0.645197740113
0.68339307049	0.646327683616
0.683174224344	0.646892655367
0.682955899881	0.647457627119
0.683115338882	0.649152542373
0.682492581602	0.649717514124
0.682276229994	0.650282485876
0.682464454976	0.650847457627
0.68224852071	0.651412429379
0.682998819362	0.653672316384
0.682969946965	0.654802259887
0.683529411765	0.656497175141
0.6834997064	0.657627118644
0.683284457478	0.658192090395
0.683069712947	0.658757062147
0.683255269321	0.659322033898
0.683226183518	0.660451977401
0.683012259194	0.661016949153
0.682798833819	0.661581920904
0.682585905649	0.662146892655
0.682558139535	0.663276836158
0.682714617169	0.664971751412
0.682898550725	0.665536723164
0.68287037037	0.666666666667
0.68323699422	0.667796610169
0.68320830929	0.668926553672
0.683573487032	0.670056497175
0.683755760369	0.670621468927
0.683544303797	0.671186440678
0.683515221137	0.672316384181
0.683094555874	0.673446327684
0.682884945621	0.674011299435
0.681506849315	0.674576271186
0.681481481481	0.675706214689
0.681662870159	0.676271186441
0.681844052362	0.676836158192
0.681818181818	0.677966101695
0.681405895692	0.679096045198
0.681200453001	0.679661016949
0.68117580554	0.680790960452
0.682074408117	0.683615819209
0.681869369369	0.68418079096
0.681664791901	0.684745762712
0.682048396173	0.684745762712
0.681460674157	0.685310734463
0.68125701459	0.685875706215
0.681435782389	0.686440677966
0.681792717087	0.687570621469
0.681767337808	0.688700564972
0.68156424581	0.689265536723
0.681742043551	0.689830508475
0.681894150418	0.691525423729
0.681691708403	0.69209039548
0.682222222222	0.693785310734
0.682019977802	0.694350282486
0.682346430548	0.696610169492
0.682697622996	0.697740112994
0.682671081678	0.698870056497
0.682846111418	0.699435028249
0.683195592287	0.700564971751
0.683544303797	0.701694915254
0.683141131247	0.702824858757
0.683662280702	0.704519774011
0.683461117196	0.705084745763
0.683980317113	0.706779661017
0.683578832515	0.70790960452
0.682807399347	0.709039548023
0.68297988037	0.709604519774
0.682410423453	0.710169491525
0.682384823848	0.711299435028
0.682187330807	0.71186440678
0.681990265008	0.712429378531
0.682162162162	0.712994350282
0.682112068966	0.715254237288
0.681916038751	0.71581920904
0.682087143626	0.716384180791
0.681891456206	0.716949152542
0.68186695279	0.718079096045
0.681672025723	0.718644067797
0.68147751606	0.719209039548
0.68128342246	0.719774011299
0.68108974359	0.720338983051
0.680896478122	0.720903954802
0.680511182109	0.722033898305
0.680681213411	0.722598870056
0.680658873539	0.723728813559
0.680828465215	0.724293785311
0.680636604775	0.724858757062
0.680445151033	0.725423728814
0.68061440678	0.725988700565
0.680592279217	0.727118644068
0.680761099366	0.727683615819
0.679852320675	0.728248587571
0.680021085925	0.728813559322
0.68018967334	0.729378531073
0.68	0.729943502825
0.679810725552	0.730508474576
0.679978980557	0.731073446328
