Precision	Recall
1.0	0.0
0.25	0.000574712643678
0.333333333333	0.000574712643678
0.5	0.000574712643678
0.285714285714	0.00114942528736
0.25	0.00172413793103
0.3	0.00172413793103
0.266666666667	0.00229885057471
0.3125	0.00287356321839
0.333333333333	0.00344827586207
0.333333333333	0.00402298850575
0.307692307692	0.00459770114943
0.333333333333	0.00459770114943
0.363636363636	0.00459770114943
0.310344827586	0.0051724137931
0.30303030303	0.00574712643678
0.305555555556	0.00632183908046
0.307692307692	0.00689655172414
0.302325581395	0.00747126436782
0.317073170732	0.00747126436782
0.311111111111	0.00804597701149
0.31914893617	0.00862068965517
0.326530612245	0.00919540229885
0.333333333333	0.00977011494253
0.351851851852	0.0109195402299
0.363636363636	0.0114942528736
0.372881355932	0.0126436781609
0.383333333333	0.0132183908046
0.387096774194	0.0137931034483
0.396825396825	0.014367816092
0.417910447761	0.016091954023
0.408450704225	0.0166666666667
0.414285714286	0.0166666666667
0.405405405405	0.0172413793103
0.402597402597	0.017816091954
0.405063291139	0.0183908045977
0.407407407407	0.0189655172414
0.414634146341	0.0195402298851
0.421686746988	0.0201149425287
0.413793103448	0.0206896551724
0.418604651163	0.0206896551724
0.417582417582	0.0218390804598
0.41935483871	0.0224137931034
0.408163265306	0.0229885057471
0.421052631579	0.0229885057471
0.41	0.0235632183908
0.413461538462	0.0247126436782
0.4	0.0252873563218
0.403669724771	0.0252873563218
0.405405405405	0.0258620689655
0.410714285714	0.0264367816092
0.405172413793	0.0270114942529
0.410256410256	0.0275862068966
0.408333333333	0.0281609195402
0.406504065041	0.0287356321839
0.409448818898	0.0298850574713
0.412698412698	0.0298850574713
0.410852713178	0.0304597701149
0.409090909091	0.0310344827586
0.410447761194	0.0316091954023
0.391608391608	0.032183908046
0.397163120567	0.032183908046
0.389261744966	0.0333333333333
0.378205128205	0.033908045977
0.379746835443	0.0344827586207
0.3875	0.035632183908
0.388888888889	0.0362068965517
0.39263803681	0.0367816091954
0.380116959064	0.0373563218391
0.384615384615	0.0373563218391
0.39156626506	0.0373563218391
0.383720930233	0.0379310344828
0.386363636364	0.0390804597701
0.385474860335	0.0396551724138
0.388888888889	0.0402298850575
0.387978142077	0.0408045977011
0.390374331551	0.0419540229885
0.39247311828	0.0419540229885
0.393617021277	0.0425287356322
0.396825396825	0.0431034482759
0.395833333333	0.0436781609195
0.40206185567	0.0448275862069
0.401015228426	0.0454022988506
0.4	0.0459770114943
0.4039408867	0.0471264367816
0.405940594059	0.0471264367816
0.40487804878	0.0477011494253
0.408653846154	0.0488505747126
0.411483253589	0.0494252873563
0.412322274882	0.05
0.407407407407	0.0505747126437
0.406392694064	0.0511494252874
0.403587443946	0.051724137931
0.397379912664	0.0522988505747
0.400881057269	0.0522988505747
0.398268398268	0.0528735632184
0.401709401709	0.0540229885057
0.405063291139	0.0551724137931
0.402489626556	0.0557471264368
0.401639344262	0.0563218390805
0.40243902439	0.0568965517241
0.4	0.0574712643678
0.403162055336	0.0586206896552
0.407843137255	0.0597701149425
0.403846153846	0.0603448275862
0.405303030303	0.0614942528736
0.40977443609	0.0626436781609
0.412639405204	0.0637931034483
0.414814814815	0.064367816092
0.421245421245	0.066091954023
0.418439716312	0.067816091954
0.4229390681	0.067816091954
0.416083916084	0.0683908045977
0.415807560137	0.0695402298851
0.420338983051	0.0712643678161
0.418060200669	0.0718390804598
0.419141914191	0.0729885057471
0.418831168831	0.0741379310345
0.41935483871	0.0747126436782
0.419871794872	0.0752873563218
0.419047619048	0.0758620689655
0.418238993711	0.0764367816092
0.416149068323	0.0770114942529
0.417445482866	0.0770114942529
0.415384615385	0.0775862068966
0.41641337386	0.0787356321839
0.414414414414	0.0793103448276
0.418181818182	0.0793103448276
0.419642857143	0.0810344827586
0.423076923077	0.082183908046
0.424418604651	0.083908045977
0.42774566474	0.0850574712644
0.424501424501	0.085632183908
0.425770308123	0.0873563218391
0.423822714681	0.0879310344828
0.41961852861	0.0885057471264
0.423076923077	0.0885057471264
0.418918918919	0.0890804597701
0.414893617021	0.0896551724138
0.417112299465	0.0896551724138
0.415343915344	0.0902298850575
0.418421052632	0.0913793103448
0.417754569191	0.0919540229885
0.416020671835	0.0925287356322
0.413705583756	0.0936781609195
0.412060301508	0.0942528735632
0.410447761194	0.0948275862069
0.410891089109	0.0954022988506
0.410319410319	0.0959770114943
0.411622276029	0.0977011494253
0.412048192771	0.098275862069
0.410926365796	0.0994252873563
0.408450704225	0.1
0.408878504673	0.100574712644
0.407407407407	0.101149425287
0.407834101382	0.101724137931
0.406392694064	0.102298850575
0.408163265306	0.103448275862
0.412162162162	0.105172413793
0.41425389755	0.106896551724
0.416851441242	0.108045977011
0.417943107221	0.109770114943
0.41978021978	0.109770114943
0.419213973799	0.110344827586
0.419565217391	0.11091954023
0.418103448276	0.111494252874
0.41755888651	0.112068965517
0.417910447761	0.112643678161
0.418604651163	0.113793103448
0.421383647799	0.115517241379
0.418219461698	0.116091954023
0.421711899791	0.116091954023
0.415983606557	0.116666666667
0.416326530612	0.11724137931
0.415322580645	0.118390804598
0.411530815109	0.118965517241
0.414201183432	0.120689655172
0.414538310413	0.121264367816
0.414872798434	0.12183908046
0.411992263056	0.122413793103
0.411877394636	0.123563218391
0.412213740458	0.124137931034
0.407894736842	0.124712643678
0.407063197026	0.125862068966
0.405904059041	0.126436781609
0.408424908425	0.12816091954
0.408759124088	0.128735632184
0.409747292419	0.130459770115
0.407473309609	0.131609195402
0.407079646018	0.132183908046
0.40701754386	0.133333333333
0.407342657343	0.133908045977
0.407986111111	0.135057471264
0.409638554217	0.136781609195
0.410256410256	0.137931034483
0.410169491525	0.13908045977
0.410472972973	0.139655172414
0.410084033613	0.140229885057
0.410684474124	0.141379310345
0.410981697171	0.141954022989
0.41127694859	0.142528735632
0.412828947368	0.144252873563
0.41339869281	0.145402298851
0.413961038961	0.146551724138
0.415857605178	0.147701149425
0.417069243156	0.148850574713
0.416666666667	0.149425287356
0.417862838915	0.150574712644
0.418383518225	0.151724137931
0.417322834646	0.152298850575
0.41627543036	0.152873563218
0.417445482866	0.154022988506
0.418351477449	0.154597701149
0.417956656347	0.155172413793
0.418461538462	0.15632183908
0.419601837672	0.157471264368
0.419696969697	0.159195402299
0.420814479638	0.160344827586
0.419790104948	0.16091954023
0.418777943368	0.161494252874
0.419019316493	0.162068965517
0.419497784343	0.163218390805
0.419117647059	0.163793103448
0.41897810219	0.164942528736
0.419213973799	0.165517241379
0.419448476052	0.166091954023
0.416666666667	0.166666666667
0.419075144509	0.166666666667
0.417142857143	0.167816091954
0.419034090909	0.169540229885
0.416549789621	0.170689655172
0.417015341702	0.17183908046
0.419444444444	0.173563218391
0.419310344828	0.174712643678
0.419532324622	0.175287356322
0.419398907104	0.176436781609
0.419047619048	0.177011494253
0.418353576248	0.17816091954
0.414666666667	0.178735632184
0.416890080429	0.178735632184
0.416998671979	0.180459770115
0.417771883289	0.181034482759
0.416886543536	0.181609195402
0.415465268676	0.182183908046
0.416557161629	0.182183908046
0.415143603133	0.18275862069
0.414824447334	0.183333333333
0.413436692506	0.183908045977
0.413659793814	0.184482758621
0.414102564103	0.185632183908
0.414231257942	0.187356321839
0.413924050633	0.187931034483
0.415617128463	0.189655172414
0.41375	0.190229885057
0.415829145729	0.190229885057
0.412935323383	0.190804597701
0.413151364764	0.191379310345
0.412345679012	0.191954022989
0.412776412776	0.193103448276
0.412990196078	0.19367816092
0.414425427873	0.194827586207
0.416565164434	0.196551724138
0.417675544794	0.198275862069
0.417370325694	0.198850574713
0.418269230769	0.2
0.418355184744	0.201724137931
0.419738406659	0.202873563218
0.420427553444	0.203448275862
0.420306965762	0.204597701149
0.42303172738	0.206896551724
0.425058548009	0.208620689655
0.424737456243	0.209195402299
0.425581395349	0.210344827586
0.425925925926	0.211494252874
0.426267281106	0.212643678161
0.425947187141	0.213218390805
0.425629290618	0.213793103448
0.424829157175	0.214367816092
0.426136363636	0.215517241379
0.424379232506	0.216091954023
0.425028184893	0.216666666667
0.425364758698	0.217816091954
0.425863991081	0.219540229885
0.425083240844	0.220114942529
0.425742574257	0.222413793103
0.427152317881	0.222413793103
0.425601750547	0.223563218391
0.42025862069	0.224137931034
0.421621621622	0.224137931034
0.423913043478	0.224137931034
0.421052631579	0.225287356322
0.422459893048	0.227011494253
0.421725239617	0.227586206897
0.419661733615	0.22816091954
0.42144373673	0.22816091954
0.419558359621	0.229310344828
0.418848167539	0.229885057471
0.418314255983	0.231034482759
0.418652849741	0.232183908046
0.418556701031	0.233333333333
0.41829393628	0.233908045977
0.418628454452	0.235057471264
0.417682926829	0.236206896552
0.418960244648	0.236206896552
0.419191919192	0.238505747126
0.419678714859	0.240229885057
0.42	0.241379310345
0.418905472637	0.241954022989
0.41906653426	0.242528735632
0.418811881188	0.243103448276
0.419960474308	0.244252873563
0.419862340216	0.245402298851
0.420176297747	0.246551724138
0.421875	0.248275862069
0.421768707483	0.249425287356
0.422071636012	0.250574712644
0.42237222758	0.251724137931
0.422413793103	0.253448275862
0.421503330162	0.254597701149
0.422306959009	0.254597701149
0.419415645617	0.255747126437
0.418539325843	0.256896551724
0.417910447761	0.257471264368
0.41782729805	0.258620689655
0.417979610751	0.259195402299
0.417744916821	0.259770114943
0.417127071823	0.260344827586
0.418198529412	0.261494252874
0.419561243144	0.263793103448
0.418943533698	0.264367816092
0.418857660925	0.265517241379
0.418247515808	0.266091954023
0.418394950406	0.266666666667
0.418312387792	0.267816091954
0.418084153984	0.268390804598
0.418376449599	0.269540229885
0.416666666667	0.270114942529
0.417475728155	0.27183908046
0.416886543536	0.272413793103
0.416666666667	0.272988505747
0.418197725284	0.274712643678
0.418848167539	0.275862068966
0.418260869565	0.276436781609
0.418181818182	0.277586206897
0.418965517241	0.279310344828
0.418524871355	0.280459770115
0.417948717949	0.281034482759
0.417302798982	0.28275862069
0.41765704584	0.28275862069
0.4179357022	0.283908045977
0.418212478921	0.285057471264
0.418702611626	0.285632183908
0.417922948074	0.286781609195
0.417152373022	0.287931034483
0.418257261411	0.289655172414
0.418874172185	0.290804597701
0.420313790256	0.292528735632
0.418719211823	0.293103448276
0.420147420147	0.294827586207
0.419722901385	0.295977011494
0.419171405361	0.296551724138
0.418079096045	0.297701149425
0.417202572347	0.298275862069
0.417133706966	0.299425287356
0.417791898332	0.302298850575
0.418181818182	0.304022988506
0.417981072555	0.304597701149
0.418310970797	0.304597701149
0.41935483871	0.30632183908
0.418950665623	0.307471264368
0.416796267496	0.308045977011
0.415313225058	0.308620689655
0.415574402467	0.309770114943
0.413925019128	0.31091954023
0.415195702226	0.31091954023
0.416153846154	0.31091954023
0.415267175573	0.312643678161
0.416730038023	0.314942528736
0.416477702192	0.316666666667
0.417424242424	0.316666666667
0.416102332581	0.317816091954
0.415603900975	0.318390804598
0.415856394914	0.319540229885
0.415671641791	0.320114942529
0.415487714073	0.320689655172
0.415430267062	0.32183908046
0.415373244642	0.322988505747
0.416359616802	0.324712643678
0.414652014652	0.325287356322
0.415631848064	0.327011494253
0.416727272727	0.329310344828
0.417813178856	0.331609195402
0.418168709445	0.333333333333
0.418286537077	0.333908045977
0.418103448276	0.334482758621
0.418571428571	0.336781609195
0.418505338078	0.337931034483
0.418143160879	0.33908045977
0.417427969079	0.341379310345
0.419195483416	0.341379310345
0.416666666667	0.341954022989
0.416783216783	0.342528735632
0.415855354659	0.34367816092
0.415683553088	0.344252873563
0.415224913495	0.344827586207
0.415172413793	0.345977011494
0.414148351648	0.346551724138
0.414550446122	0.347126436782
0.414500683995	0.348275862069
0.414965986395	0.350574712644
0.415196743555	0.351724137931
0.41446923597	0.352298850575
0.414025623736	0.352873563218
0.414420485175	0.353448275862
0.415043653459	0.355172413793
0.414601473543	0.355747126437
0.415106951872	0.356896551724
0.415722851432	0.358620689655
0.415282392027	0.359195402299
0.416169648774	0.36091954023
0.416116248349	0.362068965517
0.416611733685	0.363218390805
0.417322834646	0.365517241379
0.41726618705	0.366666666667
0.417209908735	0.367816091954
0.418181818182	0.370114942529
0.418122977346	0.371264367816
0.418334409296	0.372413793103
0.418544752093	0.373563218391
0.416773367478	0.374137931034
0.41661341853	0.374712643678
0.414711477489	0.375862068966
0.415501905972	0.375862068966
0.415297092288	0.377586206897
0.415355569541	0.379310344828
0.415934755332	0.381034482759
0.415211970075	0.38275862069
0.41640770665	0.385057471264
0.415737298637	0.385632183908
0.416202844774	0.386781609195
0.416152897657	0.387931034483
0.416461916462	0.389655172414
0.416666666667	0.390804597701
0.415750915751	0.391379310345
0.415600243754	0.391954022989
0.415552855407	0.393103448276
0.414900060569	0.39367816092
0.413959085439	0.395402298851
0.415709969789	0.395402298851
0.414517096581	0.397126436782
0.41497005988	0.398275862069
0.414575866189	0.398850574713
0.414039262344	0.4
0.412182140745	0.400574712644
0.413404507711	0.400574712644
0.411660777385	0.401724137931
0.411384976526	0.402873563218
0.411592505855	0.404022988506
0.411455289305	0.404597701149
0.411799065421	0.405172413793
0.4111822947	0.405747126437
0.411014492754	0.407471264368
0.41098265896	0.408620689655
0.410611303345	0.409195402299
0.410109132682	0.410344827586
0.409714285714	0.412068965517
0.40992018244	0.413218390805
0.40932347925	0.413793103448
0.409270774449	0.416091954023
0.409014084507	0.41724137931
0.408300616938	0.418390804598
0.407366071429	0.419540229885
0.407119021135	0.420689655172
0.406751521859	0.422413793103
0.406508549366	0.423563218391
0.40681693238	0.425287356322
0.407123287671	0.427011494253
0.406779661017	0.427586206897
0.407751091703	0.429310344828
0.407952069717	0.430459770115
0.406504065041	0.431034482759
0.405945945946	0.431609195402
0.40505648198	0.43275862069
0.405579399142	0.434482758621
0.40556447298	0.435632183908
0.406616862327	0.437931034483
0.407249466951	0.43908045977
0.407427055703	0.441379310345
0.407191961925	0.442528735632
0.406217070601	0.443103448276
0.406512605042	0.444827586207
0.406593406593	0.446551724138
0.406266318538	0.447126436782
0.406461698801	0.448275862069
0.406753246753	0.45
0.405587170202	0.450574712644
0.405154639175	0.451724137931
0.405141388175	0.452873563218
0.405225409836	0.454597701149
0.405819295559	0.456896551724
0.405487804878	0.458620689655
0.404761904762	0.459195402299
0.405159332322	0.460344827586
0.404846037355	0.46091954023
0.404737903226	0.461494252874
0.404725992961	0.462643678161
0.40380761523	0.463218390805
0.4045	0.464942528736
0.404583956153	0.466666666667
0.404572564612	0.467816091954
0.40495049505	0.470114942529
0.406126482213	0.472413793103
0.405911330049	0.473563218391
0.406679764244	0.475862068966
0.406356968215	0.477586206897
0.4065397755	0.478735632184
0.406326034063	0.479885057471
0.406113537118	0.481034482759
0.406204556471	0.481609195402
0.405014464802	0.48275862069
0.40560115886	0.48275862069
0.405288461538	0.484482758621
0.40547024952	0.485632183908
0.406011450382	0.48908045977
0.404174573055	0.489655172414
0.404942965779	0.489655172414
0.404739336493	0.490804597701
0.405303030303	0.491954022989
0.404436054743	0.492528735632
0.404425612053	0.49367816092
0.403945514326	0.494252873563
0.404583723106	0.497126436782
0.405317164179	0.499425287356
0.404839460214	0.5
0.405016256386	0.501149425287
0.405280222325	0.502873563218
0.404520295203	0.504022988506
0.405830633966	0.504022988506
0.404049700874	0.504597701149
0.401001365498	0.50632183908
0.401453224342	0.508045977011
0.401624548736	0.511494252874
0.401079136691	0.512643678161
0.399373881932	0.513218390805
0.399463806971	0.513793103448
0.399286987522	0.514942528736
0.399288572699	0.516091954023
0.399644760213	0.51724137931
0.399645547187	0.518390804598
0.399204244032	0.518965517241
0.399734982332	0.520114942529
0.399647110719	0.520689655172
0.398420359807	0.52183908046
0.398687089716	0.523563218391
0.397558849172	0.524137931034
0.397821350763	0.524712643678
0.397218600608	0.525287356322
0.398007795583	0.52816091954
0.397751837441	0.528735632184
0.397153945666	0.529310344828
0.398020654045	0.531609195402
0.397766323024	0.532183908046
0.397342477497	0.53275862069
0.397348160821	0.533908045977
0.396676608436	0.535057471264
0.395506570581	0.536206896552
0.396515087123	0.536206896552
0.395348837209	0.537356321839
0.39544688027	0.53908045977
0.395632087358	0.541379310345
0.3956503555	0.54367816092
0.394583333333	0.544252873563
0.392003297609	0.546551724138
0.392036124795	0.548850574713
0.392389525368	0.551149425287
0.39282803586	0.554022988506
0.393336042259	0.55632183908
0.393841166937	0.558620689655
0.394502829426	0.56091954023
0.393634165995	0.561494252874
0.394207562349	0.563218390805
0.395190380762	0.566666666667
0.395041983207	0.567816091954
0.395051875499	0.568965517241
0.395154884829	0.57183908046
0.395882818686	0.574712643678
0.39636794315	0.577011494253
0.397082018927	0.578735632184
0.397642436149	0.581609195402
0.397967161845	0.585057471264
0.397899649942	0.587931034483
0.397520340953	0.589655172414
0.398069498069	0.592528735632
0.397687861272	0.593103448276
0.397544128933	0.595402298851
0.396485867074	0.596551724138
0.396413582602	0.597126436782
0.395596051632	0.598850574713
