Precision	Recall
1.0	0.0
1.0	0.000573394495413
1.0	0.00114678899083
1.0	0.00172018348624
1.0	0.00229357798165
1.0	0.00286697247706
1.0	0.00344036697248
1.0	0.00401376146789
1.0	0.0045871559633
1.0	0.00516055045872
1.0	0.00573394495413
1.0	0.00630733944954
1.0	0.00688073394495
1.0	0.00802752293578
1.0	0.00860091743119
1.0	0.00917431192661
1.0	0.00974770642202
1.0	0.0103211009174
1.0	0.0108944954128
1.0	0.0114678899083
0.954545454545	0.0120412844037
1.0	0.0120412844037
0.95652173913	0.0126146788991
0.958333333333	0.0131880733945
0.96	0.0137614678899
0.961538461538	0.0143348623853
0.928571428571	0.0149082568807
0.962962962963	0.0149082568807
0.931034482759	0.0154816513761
0.933333333333	0.0160550458716
0.935483870968	0.016628440367
0.939393939394	0.0177752293578
0.941176470588	0.0183486238532
0.942857142857	0.0189220183486
0.944444444444	0.019495412844
0.945945945946	0.0200688073394
0.947368421053	0.0206422018349
0.948717948718	0.0212155963303
0.95	0.0217889908257
0.951219512195	0.0223623853211
0.952380952381	0.0229357798165
0.953488372093	0.0235091743119
0.954545454545	0.0240825688073
0.955555555556	0.0246559633028
0.95652173913	0.0252293577982
0.957446808511	0.0258027522936
0.958333333333	0.026376146789
0.959183673469	0.0269495412844
0.96	0.0275229357798
0.960784313725	0.0280963302752
0.961538461538	0.0286697247706
0.962264150943	0.0292431192661
0.962962962963	0.0298165137615
0.963636363636	0.0303899082569
0.964285714286	0.0309633027523
0.964912280702	0.0315366972477
0.949152542373	0.0321100917431
0.965517241379	0.0321100917431
0.95	0.0326834862385
0.935483870968	0.0332568807339
0.950819672131	0.0332568807339
0.936507936508	0.0338302752294
0.9375	0.0344036697248
0.938461538462	0.0349770642202
0.939393939394	0.0355504587156
0.940298507463	0.036123853211
0.941176470588	0.0366972477064
0.928571428571	0.0372706422018
0.929577464789	0.0378440366972
0.930555555556	0.0384174311927
0.931506849315	0.0389908256881
0.92	0.0395642201835
0.932432432432	0.0395642201835
0.921052631579	0.0401376146789
0.922077922078	0.0407110091743
0.923076923077	0.0412844036697
0.925	0.0424311926606
0.925925925926	0.043004587156
0.926829268293	0.0435779816514
0.875	0.0441513761468
0.885057471264	0.0441513761468
0.905882352941	0.0441513761468
0.916666666667	0.0441513761468
0.927710843373	0.0441513761468
0.876404494382	0.0447247706422
0.868131868132	0.0452981651376
0.877777777778	0.0452981651376
0.869565217391	0.045871559633
0.870967741935	0.0464449541284
0.872340425532	0.0470183486239
0.873684210526	0.0475917431193
0.875	0.0481651376147
0.876288659794	0.0487385321101
0.877551020408	0.0493119266055
0.878787878788	0.0498853211009
0.88	0.0504587155963
0.872549019608	0.0510321100917
0.881188118812	0.0510321100917
0.873786407767	0.0516055045872
0.875	0.0521788990826
0.867924528302	0.052752293578
0.87619047619	0.052752293578
0.869158878505	0.0533256880734
0.87037037037	0.0538990825688
0.871559633028	0.0544724770642
0.872727272727	0.0550458715596
0.873873873874	0.055619266055
0.875	0.0561926605505
0.87610619469	0.0567660550459
0.877192982456	0.0573394495413
0.879310344828	0.0584862385321
0.880341880342	0.0590596330275
0.881355932203	0.0596330275229
0.882352941176	0.0602064220183
0.884297520661	0.0613532110092
0.885245901639	0.0619266055046
0.886178861789	0.0625
0.887096774194	0.0630733944954
0.888	0.0636467889908
0.888888888889	0.0642201834862
0.875968992248	0.0647935779817
0.8828125	0.0647935779817
0.889763779528	0.0647935779817
0.876923076923	0.0653669724771
0.87786259542	0.0659403669725
0.878787878788	0.0665137614679
0.87969924812	0.0670871559633
0.880597014925	0.0676605504587
0.881481481481	0.0682339449541
0.883211678832	0.069380733945
0.884057971014	0.0699541284404
0.878571428571	0.0705275229358
0.884892086331	0.0705275229358
0.87323943662	0.0711009174312
0.879432624113	0.0711009174312
0.874125874126	0.0716743119266
0.868965517241	0.072247706422
0.875	0.072247706422
0.87074829932	0.0733944954128
0.871621621622	0.0739678899083
0.872483221477	0.0745412844037
0.873333333333	0.0751146788991
0.87417218543	0.0756880733945
0.875	0.0762614678899
0.875816993464	0.0768348623853
0.870967741935	0.0774082568807
0.876623376623	0.0774082568807
0.866242038217	0.0779816513761
0.871794871795	0.0779816513761
0.867088607595	0.0785550458716
0.8625	0.079128440367
0.863354037267	0.0797018348624
0.864197530864	0.0802752293578
0.854545454545	0.0808486238532
0.859756097561	0.0808486238532
0.865030674847	0.0808486238532
0.855421686747	0.0814220183486
0.85119047619	0.081995412844
0.85628742515	0.081995412844
0.852071005917	0.0825688073394
0.852941176471	0.0831422018349
0.853801169591	0.0837155963303
0.854651162791	0.0842889908257
0.85549132948	0.0848623853211
0.851428571429	0.0854357798165
0.85632183908	0.0854357798165
0.852272727273	0.0860091743119
0.848314606742	0.0865825688073
0.853107344633	0.0865825688073
0.849162011173	0.0871559633028
0.85	0.0877293577982
0.850828729282	0.0883027522936
0.851648351648	0.088876146789
0.852459016393	0.0894495412844
0.853260869565	0.0900229357798
0.854054054054	0.0905963302752
0.854838709677	0.0911697247706
0.855614973262	0.0917431192661
0.856382978723	0.0923165137615
0.857142857143	0.0928899082569
0.857894736842	0.0934633027523
0.858638743455	0.0940366972477
0.859375	0.0946100917431
0.860103626943	0.0951834862385
0.860824742268	0.0957568807339
0.857142857143	0.0963302752294
0.861538461538	0.0963302752294
0.857868020305	0.0969036697248
0.85	0.0974770642202
0.854271356784	0.0974770642202
0.858585858586	0.0974770642202
0.846534653465	0.0980504587156
0.850746268657	0.0980504587156
0.847290640394	0.098623853211
0.848039215686	0.0991972477064
0.848780487805	0.0997706422018
0.845410628019	0.100344036697
0.849514563107	0.100344036697
0.846153846154	0.100917431193
0.846889952153	0.101490825688
0.847619047619	0.102064220183
0.840375586854	0.102637614679
0.844339622642	0.102637614679
0.848341232227	0.102637614679
0.841121495327	0.103211009174
0.841860465116	0.10378440367
0.842592592593	0.104357798165
0.84331797235	0.104931192661
0.844036697248	0.105504587156
0.844748858447	0.106077981651
0.845454545455	0.106651376147
0.846153846154	0.107224770642
0.846846846847	0.107798165138
0.847533632287	0.108371559633
0.848214285714	0.108944954128
0.848888888889	0.109518348624
0.849557522124	0.110091743119
0.84649122807	0.110665137615
0.850220264317	0.110665137615
0.847161572052	0.11123853211
0.847826086957	0.111811926606
0.848484848485	0.112385321101
0.849137931034	0.112958715596
0.849785407725	0.113532110092
0.846808510638	0.114105504587
0.850427350427	0.114105504587
0.847457627119	0.114678899083
0.848101265823	0.115252293578
0.838174273859	0.115825688073
0.841666666667	0.115825688073
0.845188284519	0.115825688073
0.848739495798	0.115825688073
0.838842975207	0.116399082569
0.83950617284	0.116972477064
0.840163934426	0.11754587156
0.837398373984	0.118119266055
0.840816326531	0.118119266055
0.838056680162	0.11869266055
0.838709677419	0.119266055046
0.839357429719	0.119839449541
0.84	0.120412844037
0.840637450199	0.120986238532
0.84126984127	0.121559633028
0.841897233202	0.122133027523
0.842519685039	0.122706422018
0.843137254902	0.123279816514
0.833976833977	0.123853211009
0.84046692607	0.123853211009
0.84375	0.123853211009
0.834615384615	0.124426605505
0.835249042146	0.125
0.835877862595	0.125573394495
0.836501901141	0.126146788991
0.837121212121	0.126720183486
0.837735849057	0.127293577982
0.838345864662	0.127866972477
0.835820895522	0.128440366972
0.836431226766	0.129013761468
0.833948339483	0.129587155963
0.837037037037	0.129587155963
0.834558823529	0.130160550459
0.835164835165	0.130733944954
0.836363636364	0.131880733945
0.833935018051	0.13245412844
0.836956521739	0.13245412844
0.834532374101	0.133027522936
0.832142857143	0.133600917431
0.835125448029	0.133600917431
0.829787234043	0.134174311927
0.832740213523	0.134174311927
0.83038869258	0.134747706422
0.828070175439	0.135321100917
0.830985915493	0.135321100917
0.825783972125	0.135894495413
0.828671328671	0.135894495413
0.826388888889	0.136467889908
0.826989619377	0.137041284404
0.824742268041	0.137614678899
0.825342465753	0.138188073394
0.825938566553	0.13876146789
0.826530612245	0.139334862385
0.827118644068	0.139908256881
0.824915824916	0.140481651376
0.827702702703	0.140481651376
0.825503355705	0.141055045872
0.826086956522	0.141628440367
0.826666666667	0.142201834862
0.827242524917	0.142775229358
0.825082508251	0.143348623853
0.827814569536	0.143348623853
0.822950819672	0.143922018349
0.825657894737	0.143922018349
0.823529411765	0.144495412844
0.818770226537	0.145068807339
0.824104234528	0.145068807339
0.81935483871	0.145642201835
0.817307692308	0.14621559633
0.819935691318	0.14621559633
0.817891373802	0.146788990826
0.81847133758	0.147362385321
0.819047619048	0.147935779817
0.819620253165	0.148509174312
0.820189274448	0.149082568807
0.820754716981	0.149655963303
0.82131661442	0.150229357798
0.821875	0.150802752294
0.822429906542	0.151376146789
0.82298136646	0.151949541284
0.823529411765	0.15252293578
0.821538461538	0.153096330275
0.824074074074	0.153096330275
0.819571865443	0.153669724771
0.822085889571	0.153669724771
0.815151515152	0.154243119266
0.817629179331	0.154243119266
0.82012195122	0.154243119266
0.815709969789	0.154816513761
0.816265060241	0.155389908257
0.814371257485	0.155963302752
0.816816816817	0.155963302752
0.814925373134	0.156536697248
0.813056379822	0.157110091743
0.815476190476	0.157110091743
0.813609467456	0.157683486239
0.811764705882	0.158256880734
0.814159292035	0.158256880734
0.812316715543	0.158830275229
0.810495626822	0.159403669725
0.812865497076	0.159403669725
0.811046511628	0.15997706422
0.806916426513	0.160550458716
0.809248554913	0.160550458716
0.811594202899	0.160550458716
0.807471264368	0.161123853211
0.808022922636	0.161697247706
0.809116809117	0.162844036697
0.807365439093	0.163417431193
0.809659090909	0.163417431193
0.805633802817	0.163990825688
0.80790960452	0.163990825688
0.806179775281	0.164564220183
0.806722689076	0.165137614679
0.807262569832	0.165711009174
0.805555555556	0.16628440367
0.807799442897	0.16628440367
0.803867403315	0.166857798165
0.806094182825	0.166857798165
0.804407713499	0.167431192661
0.804945054945	0.168004587156
0.805479452055	0.168577981651
0.806010928962	0.169151376147
0.804347826087	0.169724770642
0.806539509537	0.169724770642
0.80487804878	0.170298165138
0.805405405405	0.170871559633
0.805929919137	0.171444954128
0.806451612903	0.172018348624
0.806970509383	0.172591743119
0.807486631016	0.173165137615
0.808	0.17373853211
0.808510638298	0.174311926606
0.809018567639	0.174885321101
0.807387862797	0.175458715596
0.809523809524	0.175458715596
0.807894736842	0.176032110092
0.808398950131	0.176605504587
0.80890052356	0.177178899083
0.807291666667	0.177752293578
0.809399477807	0.177752293578
0.807792207792	0.178325688073
0.80829015544	0.178899082569
0.808785529716	0.179472477064
0.807197943445	0.18004587156
0.809278350515	0.18004587156
0.807692307692	0.180619266055
0.808184143223	0.18119266055
0.808673469388	0.181766055046
0.809160305344	0.182339449541
0.809644670051	0.182912844037
0.810126582278	0.183486238532
0.806532663317	0.184059633028
0.808564231738	0.184059633028
0.810606060606	0.184059633028
0.805	0.184633027523
0.80701754386	0.184633027523
0.805486284289	0.185206422018
0.805970149254	0.185779816514
0.806451612903	0.186353211009
0.799019607843	0.186926605505
0.800982800983	0.186926605505
0.802955665025	0.186926605505
0.804938271605	0.186926605505
0.806930693069	0.186926605505
0.799511002445	0.1875
0.8	0.188073394495
0.800486618005	0.188646788991
0.797101449275	0.189220183486
0.799031476998	0.189220183486
0.800970873786	0.189220183486
0.795673076923	0.189793577982
0.797590361446	0.189793577982
0.796163069544	0.190366972477
0.796650717703	0.190940366972
0.797136038186	0.191513761468
0.797619047619	0.192087155963
0.796208530806	0.192660550459
0.79809976247	0.192660550459
0.796690307329	0.193233944954
0.795294117647	0.19380733945
0.797169811321	0.19380733945
0.788372093023	0.194380733945
0.79020979021	0.194380733945
0.793911007026	0.194380733945
0.788863109049	0.19495412844
0.789351851852	0.195527522936
0.78801843318	0.196100917431
0.789838337182	0.196100917431
0.788505747126	0.196674311927
0.788990825688	0.197247706422
0.789473684211	0.197821100917
0.788154897494	0.198394495413
0.7899543379	0.198394495413
0.788636363636	0.198967889908
0.789115646259	0.199541284404
0.789592760181	0.200114678899
0.79006772009	0.200688073394
0.790540540541	0.20126146789
0.791011235955	0.201834862385
0.791479820628	0.202408256881
0.791946308725	0.202981651376
0.792410714286	0.203555045872
0.792873051225	0.204128440367
0.793333333333	0.204701834862
0.793791574279	0.205275229358
0.794247787611	0.205848623853
0.79295154185	0.206422018349
0.794701986755	0.206422018349
0.791666666667	0.206995412844
0.793406593407	0.206995412844
0.7903930131	0.207568807339
0.792122538293	0.207568807339
0.784017278618	0.208142201835
0.787418655098	0.208142201835
0.789130434783	0.208142201835
0.790849673203	0.208142201835
0.782795698925	0.20871559633
0.784482758621	0.20871559633
0.781584582441	0.209288990826
0.783261802575	0.209288990826
0.782051282051	0.209862385321
0.782515991471	0.210435779817
0.782978723404	0.211009174312
0.783439490446	0.211582568807
0.783898305085	0.212155963303
0.784355179704	0.212729357798
0.783157894737	0.213302752294
0.784810126582	0.213302752294
0.783613445378	0.213876146789
0.782426778243	0.214449541284
0.782881002088	0.21502293578
0.781704781705	0.215596330275
0.783333333333	0.215596330275
0.777319587629	0.216169724771
0.778925619835	0.216169724771
0.780538302277	0.216169724771
0.782157676349	0.216169724771
0.777777777778	0.216743119266
0.778234086242	0.217316513761
0.77868852459	0.217889908257
0.779141104294	0.218463302752
0.779591836735	0.219036697248
0.780040733198	0.219610091743
0.780487804878	0.220183486239
0.78093306288	0.220756880734
0.781376518219	0.221330275229
0.780241935484	0.221903669725
0.781818181818	0.221903669725
0.780684104628	0.22247706422
0.779559118236	0.223050458716
0.781124497992	0.223050458716
0.78	0.223623853211
0.780439121756	0.224197247706
0.780876494024	0.224770642202
0.778217821782	0.225344036697
0.779761904762	0.225344036697
0.781312127237	0.225344036697
0.778656126482	0.225917431193
0.77909270217	0.226490825688
0.779527559055	0.227064220183
0.7738791423	0.227637614679
0.775390625	0.227637614679
0.776908023483	0.227637614679
0.779960707269	0.227637614679
0.774319066148	0.228211009174
0.774757281553	0.22878440367
0.773694390716	0.229357798165
0.77519379845	0.229357798165
0.774131274131	0.229931192661
0.773076923077	0.230504587156
0.774566473988	0.230504587156
0.773512476008	0.231077981651
0.773946360153	0.231651376147
0.774378585086	0.232224770642
0.773333333333	0.232798165138
0.774809160305	0.232798165138
0.773764258555	0.233371559633
0.774193548387	0.233944954128
0.774621212121	0.234518348624
0.775047258979	0.235091743119
0.775471698113	0.235665137615
0.774436090226	0.23623853211
0.775894538606	0.23623853211
0.7734082397	0.236811926606
0.774859287054	0.236811926606
0.773831775701	0.237385321101
0.774253731343	0.237958715596
0.773234200743	0.238532110092
0.774674115456	0.238532110092
0.773654916512	0.239105504587
0.774074074074	0.239678899083
0.77449168207	0.240252293578
0.774907749077	0.240825688073
0.773897058824	0.241399082569
0.77532228361	0.241399082569
0.774311926606	0.241972477064
0.774725274725	0.24254587156
0.775137111517	0.243119266055
0.775547445255	0.24369266055
0.774545454545	0.244266055046
0.775956284153	0.244266055046
0.772151898734	0.244839449541
0.773550724638	0.244839449541
0.774954627949	0.244839449541
0.767025089606	0.245412844037
0.768402154399	0.245412844037
0.769784172662	0.245412844037
0.771171171171	0.245412844037
0.772563176895	0.245412844037
0.767441860465	0.245986238532
0.767857142857	0.246559633028
0.768270944742	0.247133027523
0.768683274021	0.247706422018
0.769094138544	0.248279816514
0.766784452297	0.248853211009
0.76814159292	0.248853211009
0.769503546099	0.248853211009
0.765845070423	0.249426605505
0.767195767196	0.249426605505
0.76625659051	0.25
0.762652705061	0.250573394495
0.763986013986	0.250573394495
0.765323992995	0.250573394495
0.766666666667	0.250573394495
0.763066202091	0.251146788991
0.76347826087	0.251720183486
0.763888888889	0.252293577982
0.764298093588	0.252866972477
0.763385146805	0.253440366972
0.764705882353	0.253440366972
0.763793103448	0.254013761468
0.764199655766	0.254587155963
0.763293310463	0.255160550459
0.764604810997	0.255160550459
0.763698630137	0.255733944954
0.764102564103	0.25630733945
0.764505119454	0.256880733945
0.764906303237	0.25745412844
0.764006791171	0.258027522936
0.765306122449	0.258027522936
0.763113367174	0.258600917431
0.764406779661	0.258600917431
0.759663865546	0.259174311927
0.760942760943	0.259174311927
0.762225969646	0.259174311927
0.763513513514	0.259174311927
0.760067114094	0.259747706422
0.759197324415	0.260321100917
0.760469011725	0.260321100917
0.75959933222	0.260894495413
0.758735440932	0.261467889908
0.76	0.261467889908
0.759136212625	0.262041284404
0.759535655058	0.262614678899
0.757425742574	0.263188073394
0.75867768595	0.263188073394
0.759933774834	0.263188073394
0.756578947368	0.26376146789
0.757825370675	0.26376146789
0.755737704918	0.264334862385
0.75697865353	0.264334862385
0.756137479542	0.264908256881
0.756535947712	0.265481651376
0.756933115824	0.266055045872
0.757328990228	0.266628440367
0.757723577236	0.267201834862
0.756888168558	0.267775229358
0.758116883117	0.267775229358
0.754838709677	0.268348623853
0.75605815832	0.268348623853
0.757281553398	0.268348623853
0.752808988764	0.268922018349
0.754019292605	0.268922018349
0.755233494364	0.268922018349
0.748407643312	0.269495412844
0.749601275917	0.269495412844
0.750798722045	0.269495412844
0.748807631161	0.270068807339
0.746835443038	0.270642201835
0.748019017433	0.270642201835
0.749206349206	0.270642201835
0.747235387046	0.27121559633
0.747634069401	0.271788990826
0.748031496063	0.272362385321
0.748427672956	0.272935779817
0.748822605965	0.273509174312
0.748043818466	0.274082568807
0.74921630094	0.274082568807
0.7484375	0.274655963303
0.748829953198	0.275229357798
0.746894409938	0.275802752294
0.748055987558	0.275802752294
0.749221183801	0.275802752294
0.747286821705	0.276376146789
0.746522411128	0.276949541284
0.747678018576	0.276949541284
0.746913580247	0.27752293578
0.746153846154	0.278096330275
0.747303543914	0.278096330275
0.746543778802	0.278669724771
0.746932515337	0.279243119266
0.746177370031	0.279816513761
0.747320061256	0.279816513761
0.746564885496	0.280389908257
0.746951219512	0.280963302752
0.747336377473	0.281536697248
0.747720364742	0.282110091743
0.748103186646	0.282683486239
0.748484848485	0.283256880734
0.748865355522	0.283830275229
0.749244712991	0.284403669725
0.749622926094	0.28497706422
0.75	0.285550458716
0.75037593985	0.286123853211
0.750750750751	0.286697247706
0.751124437781	0.287270642202
0.750373692078	0.287844036697
0.751497005988	0.287844036697
0.750746268657	0.288417431193
0.75	0.288990825688
0.750371471025	0.289564220183
0.750741839763	0.290137614679
0.747787610619	0.290711009174
0.748892171344	0.290711009174
0.744868035191	0.29128440367
0.745961820852	0.29128440367
0.747058823529	0.29128440367
0.748159057437	0.29128440367
0.744152046784	0.291857798165
0.745241581259	0.291857798165
0.744525547445	0.292431192661
0.741654571843	0.293004587156
0.74273255814	0.293004587156
0.743813682678	0.293004587156
0.744897959184	0.293004587156
0.742028985507	0.293577981651
0.742402315485	0.294151376147
0.742774566474	0.294724770642
0.742074927954	0.295298165138
0.743145743146	0.295298165138
0.740315638451	0.295871559633
0.741379310345	0.295871559633
0.742446043165	0.295871559633
0.740687679083	0.296444954128
0.741058655222	0.297018348624
0.740370898716	0.297591743119
0.741428571429	0.297591743119
0.740740740741	0.298165137615
0.741109530583	0.29873853211
0.741477272727	0.299311926606
0.741843971631	0.299885321101
0.741159830269	0.300458715596
0.742209631728	0.300458715596
0.741525423729	0.301032110092
0.740845070423	0.301605504587
0.741889985896	0.301605504587
0.741209563994	0.302178899083
0.741573033708	0.302752293578
0.740896358543	0.303325688073
0.741935483871	0.303325688073
0.741258741259	0.303899082569
0.741620111732	0.304472477064
0.740947075209	0.30504587156
0.741980474198	0.30504587156
0.741307371349	0.305619266055
0.742024965326	0.306766055046
0.740331491713	0.307339449541
0.742382271468	0.307339449541
0.740689655172	0.307912844037
0.741046831956	0.308486238532
0.740384615385	0.309059633028
0.741403026135	0.309059633028
0.740740740741	0.309633027523
0.740082079343	0.310206422018
0.741095890411	0.310206422018
0.74043715847	0.310779816514
0.740791268759	0.311353211009
0.740136054422	0.311926605505
0.741144414169	0.311926605505
0.738482384824	0.3125
0.739484396201	0.3125
0.740489130435	0.3125
0.73288590604	0.313073394495
0.733870967742	0.313073394495
0.734858681023	0.313073394495
0.735849056604	0.313073394495
0.737837837838	0.313073394495
0.738836265223	0.313073394495
0.730307076101	0.313646788991
0.73128342246	0.313646788991
0.732262382865	0.313646788991
0.733243967828	0.313646788991
0.730666666667	0.314220183486
0.731025299601	0.314793577982
0.731382978723	0.315366972477
0.731739707835	0.315940366972
0.729194187583	0.316513761468
0.730158730159	0.316513761468
0.731125827815	0.316513761468
0.732095490716	0.316513761468
0.729551451187	0.317087155963
0.728947368421	0.317660550459
0.729907773386	0.317660550459
0.729303547963	0.318233944954
0.729658792651	0.31880733945
0.726205997392	0.319380733945
0.727154046997	0.319380733945
0.728104575163	0.319380733945
0.729057591623	0.319380733945
0.73001310616	0.319380733945
0.7265625	0.31995412844
0.726918075423	0.320527522936
0.727272727273	0.321100917431
0.726683937824	0.321674311927
0.727626459144	0.321674311927
0.727037516171	0.322247706422
0.727390180879	0.322821100917
0.726804123711	0.323394495413
0.727741935484	0.323394495413
0.727155727156	0.323967889908
0.725641025641	0.324541284404
0.727506426735	0.324541284404
0.725063938619	0.325114678899
0.725415070243	0.325688073394
0.725765306122	0.32626146789
0.726114649682	0.326834862385
0.726463104326	0.327408256881
0.726810673443	0.327981651376
0.727157360406	0.328555045872
0.727503168568	0.329128440367
0.727272727273	0.330275229358
0.72819216182	0.330275229358
0.726700251889	0.330848623853
0.727616645649	0.330848623853
0.726130653266	0.331422018349
0.727044025157	0.331422018349
0.726474278545	0.331995412844
0.726817042607	0.332568807339
0.72625	0.333142201835
0.727158948686	0.333142201835
0.7265917603	0.33371559633
0.726932668329	0.334288990826
0.727272727273	0.334862385321
0.727611940299	0.335435779817
0.727950310559	0.336009174312
0.728287841191	0.336582568807
0.728624535316	0.337155963303
0.728059332509	0.337729357798
0.72896039604	0.337729357798
0.728395061728	0.338302752294
0.728729963009	0.338876146789
0.728167281673	0.339449541284
0.729064039409	0.339449541284
0.728501228501	0.34002293578
0.727941176471	0.340596330275
0.728834355828	0.340596330275
0.727383863081	0.341169724771
0.728274173807	0.341169724771
0.726829268293	0.341743119266
0.727716727717	0.341743119266
0.727161997564	0.342316513761
0.727493917275	0.342889908257
0.722557297949	0.343463302752
0.723429951691	0.343463302752
0.72430471584	0.343463302752
0.726060606061	0.343463302752
0.726941747573	0.343463302752
0.727825030377	0.343463302752
0.721153846154	0.344036697248
0.72202166065	0.344036697248
0.722891566265	0.344036697248
0.721488595438	0.344610091743
0.720958083832	0.345183486239
0.721822541966	0.345183486239
0.715302491103	0.345756880734
0.716152019002	0.345756880734
0.717003567182	0.345756880734
0.717857142857	0.345756880734
0.718712753278	0.345756880734
0.719570405728	0.345756880734
0.720430107527	0.345756880734
0.721291866029	0.345756880734
0.714792899408	0.346330275229
0.715639810427	0.346330275229
0.715130023641	0.346903669725
0.71546635183	0.34747706422
0.715801886792	0.348050458716
0.716136631331	0.348623853211
0.71562867215	0.349197247706
0.716470588235	0.349197247706
0.714285714286	0.349770642202
0.715123094959	0.349770642202
0.715962441315	0.349770642202
0.714619883041	0.350344036697
0.714119019837	0.350917431193
0.714953271028	0.350917431193
0.714452214452	0.351490825688
0.714784633295	0.352064220183
0.71511627907	0.352637614679
0.715447154472	0.353211009174
0.713294797688	0.35378440367
0.71412037037	0.35378440367
0.714947856315	0.35378440367
0.715777262181	0.35378440367
0.711162255466	0.354357798165
0.71198156682	0.354357798165
0.712802768166	0.354357798165
0.713625866051	0.354357798165
0.710677382319	0.354931192661
0.711494252874	0.354931192661
0.711009174312	0.355504587156
0.710526315789	0.356077981651
0.711340206186	0.356077981651
0.710857142857	0.356651376147
0.708759954494	0.357224770642
0.709567198178	0.357224770642
0.710376282782	0.357224770642
0.711187214612	0.357224770642
0.709090909091	0.357798165138
0.708616780045	0.358371559633
0.709421112372	0.358371559633
0.708946772367	0.358944954128
0.708474576271	0.359518348624
0.7092760181	0.359518348624
0.708803611738	0.360091743119
0.709131905299	0.360665137615
0.708661417323	0.36123853211
0.709459459459	0.36123853211
0.708193041526	0.361811926606
0.708988764045	0.361811926606
0.706935123043	0.362385321101
0.707726763718	0.362385321101
0.708520179372	0.362385321101
0.707262569832	0.362958715596
0.707589285714	0.363532110092
0.705555555556	0.364105504587
0.706340378198	0.364105504587
0.707126948775	0.364105504587
0.707915273133	0.364105504587
0.705882352941	0.364678899083
0.706208425721	0.365252293578
0.706533776301	0.365825688073
0.706077348066	0.366399082569
0.70685840708	0.366399082569
0.706401766004	0.366972477064
0.705947136564	0.36754587156
0.706725468578	0.36754587156
0.703176341731	0.368119266055
0.703947368421	0.368119266055
0.704720087816	0.368119266055
0.705494505495	0.368119266055
0.706270627063	0.368119266055
0.702732240437	0.36869266055
0.703501094092	0.36869266055
0.703056768559	0.369266055046
0.702614379085	0.369839449541
0.703380588877	0.369839449541
0.702937976061	0.370412844037
0.701735357918	0.370986238532
0.702497285559	0.370986238532
0.703260869565	0.370986238532
0.701621621622	0.372133027523
0.702380952381	0.372133027523
0.698174006445	0.372706422018
0.698924731183	0.372706422018
0.699677072121	0.372706422018
0.700431034483	0.372706422018
0.701186623517	0.372706422018
0.701943844492	0.372706422018
0.698497854077	0.373279816514
0.698821007503	0.373853211009
0.698395721925	0.374426605505
0.699143468951	0.374426605505
0.697972251868	0.375
0.698717948718	0.375
0.69829424307	0.375573394495
0.696390658174	0.376146788991
0.697130712009	0.376146788991
0.697872340426	0.376146788991
0.698615548456	0.376146788991
0.6967126193	0.376720183486
0.697033898305	0.377293577982
0.697354497354	0.377866972477
0.697674418605	0.378440366972
0.697993664203	0.379013761468
0.698312236287	0.379587155963
0.698630136986	0.380160550459
0.698212407992	0.380733944954
0.698947368421	0.380733944954
0.698529411765	0.38130733945
0.698845750262	0.381880733945
0.698429319372	0.38245412844
0.699161425577	0.38245412844
0.698014629049	0.383027522936
0.698744769874	0.383027522936
0.698329853862	0.383600917431
0.698644421272	0.384174311927
0.698231009365	0.384747706422
0.698958333333	0.384747706422
0.698544698545	0.385321100917
0.698857736241	0.385894495413
0.699170124481	0.386467889908
0.699481865285	0.387041284404
0.699792960663	0.387614678899
0.700103412616	0.388188073394
0.699690402477	0.38876146789
0.70041322314	0.38876146789
0.7	0.389334862385
0.699588477366	0.389908256881
0.700308959835	0.389908256881
0.699897225077	0.390481651376
0.700205338809	0.391055045872
0.700512820513	0.391628440367
0.699386503067	0.392201834862
0.700102354145	0.392201834862
0.700819672131	0.392201834862
0.699693564862	0.392775229358
0.7	0.393348623853
0.699592668024	0.393922018349
0.700305810398	0.393922018349
0.69918699187	0.394495412844
0.6998982706	0.394495412844
0.69878296146	0.395068807339
0.699492385787	0.395068807339
0.698380566802	0.395642201835
0.699088145897	0.395642201835
0.69797979798	0.39621559633
0.69868554095	0.39621559633
0.697580645161	0.396788990826
0.698284561049	0.396788990826
0.691616766467	0.397362385321
0.692307692308	0.397362385321
0.693	0.397362385321
0.693693693694	0.397362385321
0.694388777555	0.397362385321
0.695085255767	0.397362385321
0.69578313253	0.397362385321
0.69648241206	0.397362385321
0.697183098592	0.397362385321
0.697885196375	0.397362385321
0.690547263682	0.397935779817
0.691235059761	0.397935779817
0.691924227318	0.397935779817
0.690854870775	0.398509174312
0.691161866931	0.399082568807
0.691468253968	0.399655963303
0.691774033697	0.400229357798
0.692079207921	0.400802752294
0.692383778437	0.401376146789
0.692003948667	0.401949541284
0.692687747036	0.401949541284
0.692307692308	0.40252293578
0.691929133858	0.403096330275
0.692610837438	0.403096330275
0.692232055064	0.403669724771
0.691854759568	0.404243119266
0.692534381139	0.404243119266
0.692156862745	0.404816513761
0.691780821918	0.405389908257
0.692458374143	0.405389908257
0.692082111437	0.405963302752
0.691033138402	0.406536697248
0.691707317073	0.406536697248
0.6923828125	0.406536697248
0.690661478599	0.407110091743
0.691333982473	0.407110091743
0.690962099125	0.407683486239
0.691262135922	0.408256880734
0.691561590689	0.408830275229
0.691860465116	0.409403669725
0.691489361702	0.40997706422
0.692158760891	0.40997706422
0.69111969112	0.410550458716
0.691787439614	0.410550458716
0.690086621752	0.411123853211
0.690751445087	0.411123853211
0.691417550627	0.411123853211
0.68972142171	0.411697247706
0.690384615385	0.411697247706
0.688038277512	0.412270642202
0.690019193858	0.412270642202
0.688336520076	0.412844036697
0.688634192932	0.413417431193
0.68893129771	0.413990825688
0.688571428571	0.414564220183
0.689227836034	0.414564220183
0.688867745005	0.415137614679
0.688509021842	0.415711009174
0.689163498099	0.415711009174
0.68880455408	0.41628440367
0.688446969697	0.416857798165
0.689099526066	0.416857798165
0.68809073724	0.417431192661
0.688741721854	0.417431192661
0.688385269122	0.418004587156
0.688679245283	0.418577981651
0.688972667295	0.419151376147
0.689265536723	0.419724770642
0.689557855127	0.420298165138
0.689201877934	0.420871559633
0.68984962406	0.420871559633
0.688847235239	0.421444954128
0.689493433396	0.421444954128
0.689138576779	0.422018348624
0.689429373246	0.422591743119
0.689719626168	0.423165137615
0.688723205965	0.42373853211
0.689365671642	0.42373853211
0.690009337068	0.42373853211
0.689013035382	0.424311926606
0.689302325581	0.424885321101
0.687673772011	0.425458715596
0.688311688312	0.425458715596
0.688950789229	0.425458715596
0.689591078067	0.425458715596
0.687326549491	0.426032110092
0.687962962963	0.426032110092
0.687615526802	0.426605504587
0.687269372694	0.427178899083
0.687903970452	0.427178899083
0.686924493554	0.427752293578
0.687557603687	0.427752293578
0.6872125115	0.428325688073
0.6875	0.428899082569
0.686526122823	0.429472477064
0.687155963303	0.429472477064
0.687786960514	0.429472477064
0.686813186813	0.43004587156
0.687099725526	0.430619266055
0.687385740402	0.43119266055
0.68516833485	0.431766055046
0.685792349727	0.431766055046
0.686417502279	0.431766055046
0.68704379562	0.431766055046
0.687671232877	0.431766055046
0.685454545455	0.432339449541
0.685740236149	0.432912844037
0.686025408348	0.433486238532
0.686310063463	0.434059633028
0.686594202899	0.434633027523
0.686256781193	0.435206422018
0.686877828054	0.435206422018
0.686540198735	0.435779816514
0.686823104693	0.436353211009
0.687105500451	0.436926605505
0.686768676868	0.4375
0.687387387387	0.4375
0.687050359712	0.438073394495
0.687331536388	0.438646788991
0.687612208259	0.439220183486
0.687892376682	0.439793577982
0.686940966011	0.440366972477
0.687555953447	0.440366972477
0.688172043011	0.440366972477
0.687220732797	0.440940366972
0.686274509804	0.441513761468
0.686886708296	0.441513761468
0.6875	0.441513761468
0.684117125111	0.442087155963
0.684724689165	0.442087155963
0.685333333333	0.442087155963
0.685943060498	0.442087155963
0.686553873553	0.442087155963
0.68258178603	0.442660550459
0.683185840708	0.442660550459
0.683790965456	0.442660550459
0.684397163121	0.442660550459
0.681657848325	0.443233944954
0.682259488085	0.443233944954
0.682862190813	0.443233944954
0.681938325991	0.44380733945
0.682218309859	0.444380733945
0.681898066784	0.44495412844
0.682497801231	0.44495412844
0.680385288967	0.445527522936
0.680981595092	0.445527522936
0.681578947368	0.445527522936
0.682177348551	0.445527522936
0.679475982533	0.446100917431
0.68006993007	0.446100917431
0.678571428571	0.446674311927
0.679163034002	0.446674311927
0.679755671902	0.446674311927
0.677083333333	0.447247706422
0.677671589922	0.447247706422
0.678260869565	0.447247706422
0.678851174935	0.447247706422
0.677363399827	0.447821100917
0.67471958585	0.448394495413
0.67530224525	0.448394495413
0.675885911841	0.448394495413
0.676470588235	0.448394495413
0.677056277056	0.448394495413
0.677642980936	0.448394495413
0.675	0.448967889908
0.675279931094	0.449541284404
0.674978503869	0.450114678899
0.675559380379	0.450114678899
0.675257731959	0.450688073394
0.674378748929	0.45126146789
0.674957118353	0.45126146789
0.674657534247	0.451834862385
0.674358974359	0.452408256881
0.674935842601	0.452408256881
0.674061433447	0.452981651376
0.67463706234	0.452981651376
0.674339300938	0.453555045872
0.674042553191	0.454128440367
0.67461669506	0.454128440367
0.672033898305	0.454701834862
0.672603901612	0.454701834862
0.673174872666	0.454701834862
0.674319727891	0.454701834862
0.671742808799	0.455275229358
0.672311600339	0.455275229358
0.671452702703	0.455848623853
0.672020287405	0.455848623853
0.668907563025	0.456422018349
0.669470142977	0.456422018349
0.670033670034	0.456422018349
0.670598146588	0.456422018349
0.671163575042	0.456422018349
0.671729957806	0.456422018349
0.668063704946	0.456995412844
0.668624161074	0.456995412844
0.669185558354	0.456995412844
0.667224080268	0.457568807339
0.668341708543	0.457568807339
0.667502088555	0.458142201835
0.667222685571	0.45871559633
0.667779632721	0.45871559633
0.6675	0.459288990826
0.667776852623	0.459862385321
0.667497921862	0.460435779817
0.668053244592	0.460435779817
0.667774086379	0.461009174312
0.666942833471	0.461582568807
0.667495854063	0.461582568807
0.668049792531	0.461582568807
0.667218543046	0.462155963303
0.667493796526	0.462729357798
0.667217175888	0.463302752294
0.667768595041	0.463302752294
0.667491749175	0.463876146789
0.667215815486	0.464449541284
0.667765869744	0.464449541284
0.666940789474	0.46502293578
0.667489711934	0.46502293578
0.667214461791	0.465596330275
0.665847665848	0.466169724771
0.666393442623	0.466169724771
0.666940114848	0.466169724771
0.667487684729	0.466169724771
0.66612111293	0.466743119266
0.665306122449	0.467316513761
0.665849673203	0.467316513761
0.666394112837	0.467316513761
0.665579119086	0.467889908257
0.665851670742	0.468463302752
0.666123778502	0.469036697248
0.664772727273	0.469610091743
0.665312753859	0.469610091743
0.665853658537	0.469610091743
0.66639544345	0.469610091743
0.663967611336	0.470183486239
0.664505672609	0.470183486239
0.66504460665	0.470183486239
0.663702506063	0.470756880734
0.664239482201	0.470756880734
0.663974151858	0.471330275229
0.663709677419	0.471903669725
0.664245359161	0.471903669725
0.662379421222	0.47247706422
0.66291230893	0.47247706422
0.66344605475	0.47247706422
0.663980660757	0.47247706422
0.66265060241	0.473050458716
0.662921348315	0.473623853211
0.662129703763	0.474197247706
0.66266025641	0.474197247706
0.663191659984	0.474197247706
0.661870503597	0.474770642202
0.6624	0.474770642202
0.66214057508	0.475344036697
0.661881977671	0.475917431193
0.662410215483	0.475917431193
0.662151394422	0.476490825688
0.662420382166	0.477064220183
0.661636219222	0.477637614679
0.662162162162	0.477637614679
0.662688941925	0.477637614679
0.660855784469	0.478211009174
0.661379857256	0.478211009174
0.661904761905	0.478211009174
0.661124307205	0.47878440367
0.661392405063	0.479357798165
0.659574468085	0.479931192661
0.660615627466	0.479931192661
0.661137440758	0.479931192661
0.659842519685	0.480504587156
0.660110149489	0.481077981651
0.659340659341	0.481651376147
0.659858601728	0.481651376147
0.660377358491	0.481651376147
0.658059467919	0.482224770642
0.658574784652	0.482224770642
0.659090909091	0.482224770642
0.659607843137	0.482224770642
0.6578125	0.482798165138
0.658326817826	0.482798165138
0.655011655012	0.483371559633
0.655520995334	0.483371559633
0.656542056075	0.483371559633
0.657053780203	0.483371559633
0.657566302652	0.483371559633
0.658079625293	0.483371559633
0.655279503106	0.483944954128
0.655546935609	0.484518348624
0.655813953488	0.485091743119
0.655572755418	0.485665137615
0.656080557707	0.485665137615
0.655839133797	0.48623853211
0.656105100464	0.486811926606
0.656370656371	0.487385321101
0.656129529684	0.487958715596
0.656635802469	0.487958715596
0.656394453005	0.488532110092
0.656153846154	0.489105504587
0.656658968437	0.489105504587
0.655913978495	0.489678899083
0.656418139892	0.489678899083
0.656178050652	0.490252293578
0.65493496557	0.490825688073
0.655436447167	0.490825688073
0.655938697318	0.490825688073
0.656441717791	0.490825688073
0.654198473282	0.491399082569
0.654698242934	0.491399082569
0.655198776758	0.491399082569
0.653963414634	0.491972477064
0.654462242563	0.491972477064
0.654226961158	0.49254587156
0.654752851711	0.49369266055
0.655015197568	0.494266055046
0.654779969651	0.494839449541
0.655277145027	0.494839449541
0.654545454545	0.495412844037
0.655041698256	0.495412844037
0.654806964421	0.495986238532
0.655068078669	0.496559633028
0.654833836858	0.497133027523
0.655328798186	0.497133027523
0.655094339623	0.497706422018
0.654860587792	0.498279816514
0.655354449472	0.498279816514
0.653643876784	0.498853211009
0.654135338346	0.498853211009
0.654627539503	0.498853211009
0.655120481928	0.498853211009
0.653413353338	0.499426605505
0.653903903904	0.499426605505
0.653183520599	0.5
0.653673163418	0.5
0.652954375467	0.500573394495
0.653443113772	0.500573394495
0.652725914862	0.501146788991
0.653213751868	0.501146788991
0.650557620818	0.501720183486
0.651041666667	0.501720183486
0.651526433358	0.501720183486
0.652011922504	0.501720183486
0.65249813572	0.501720183486
0.652985074627	0.501720183486
0.650817236256	0.502293577982
0.65059347181	0.502866972477
0.651076466221	0.502866972477
0.650852483321	0.503440366972
0.649667405765	0.504013761468
0.650147928994	0.504013761468
0.650629163583	0.504013761468
0.651111111111	0.504013761468
0.649926144756	0.504587155963
0.650184501845	0.505160550459
0.650442477876	0.505733944954
0.650220913108	0.50630733945
0.650700073692	0.50630733945
0.650478292862	0.506880733945
0.650735294118	0.50745412844
0.650991917708	0.508027522936
0.651248164464	0.508600917431
0.648648648649	0.509174311927
0.649122807018	0.509174311927
0.649597659108	0.509174311927
0.650073206442	0.509174311927
0.650549450549	0.509174311927
0.651026392962	0.509174311927
0.651504035216	0.509174311927
0.648905109489	0.509747706422
0.649161196207	0.510321100917
0.649416909621	0.510894495413
0.648255813953	0.511467889908
0.648727272727	0.511467889908
0.649199417758	0.511467889908
0.649672250546	0.511467889908
0.647101449275	0.512041284404
0.647570703408	0.512041284404
0.648040638607	0.512041284404
0.648511256354	0.512041284404
0.64735698769	0.512614678899
0.646676300578	0.513188073394
0.647143890094	0.513188073394
0.647612156295	0.513188073394
0.646464646465	0.51376146789
0.646931407942	0.51376146789
0.644859813084	0.514334862385
0.645323741007	0.514334862385
0.645788336933	0.514334862385
0.646253602305	0.514334862385
0.646719538572	0.514334862385
0.644651830581	0.514908256881
0.645114942529	0.514908256881
0.644444444444	0.515481651376
0.644906743185	0.515481651376
0.643316654753	0.516055045872
0.643776824034	0.516055045872
0.644237652112	0.516055045872
0.644699140401	0.516055045872
0.643571428571	0.516628440367
0.643825838687	0.517201834862
0.644079885877	0.517775229358
0.644333570919	0.518348623853
0.644586894587	0.518922018349
0.643465909091	0.519495412844
0.643923240938	0.519495412844
0.644381223329	0.519495412844
0.644839857651	0.519495412844
0.642351274788	0.520068807339
0.642806520198	0.520068807339
0.643262411348	0.520068807339
0.64371894961	0.520068807339
0.642149929279	0.520642201835
0.642604387827	0.520642201835
0.641949152542	0.52121559633
0.642402826855	0.52121559633
0.642201834862	0.521788990826
0.64245416079	0.522362385321
0.642706131078	0.522935779817
0.642957746479	0.523509174312
0.643209007741	0.524082568807
0.643007730148	0.524655963303
0.643459915612	0.524655963303
0.643258426966	0.525229357798
0.643057503506	0.525802752294
0.64350877193	0.525802752294
0.642407277817	0.526376146789
0.642857142857	0.526376146789
0.643307638402	0.526376146789
0.640864714086	0.526949541284
0.641311933008	0.526949541284
0.641759776536	0.526949541284
0.642208245982	0.526949541284
0.642657342657	0.526949541284
0.641114982578	0.52752293578
0.639389736477	0.528669724771
0.639833448994	0.528669724771
0.640277777778	0.528669724771
0.640722724114	0.528669724771
0.641168289291	0.528669724771
0.6416144746	0.528669724771
0.63963963964	0.529243119266
0.639446366782	0.529816513761
0.639889196676	0.529816513761
0.63969571231	0.530389908257
0.6399447132	0.530963302752
0.640193370166	0.531536697248
0.64044168392	0.532110091743
0.640689655172	0.532683486239
0.639614855571	0.533256880734
0.6400550585	0.533256880734
0.640495867769	0.533256880734
0.640937284631	0.533256880734
0.639862542955	0.533830275229
0.639231824417	0.534403669725
0.639670555937	0.534403669725
0.64010989011	0.534403669725
0.63904109589	0.53497706422
0.639479095271	0.53497706422
0.639288158795	0.535550458716
0.635190217391	0.536123853211
0.635622025833	0.536123853211
0.636054421769	0.536123853211
0.636487406399	0.536123853211
0.636920980926	0.536123853211
0.637355146558	0.536123853211
0.637789904502	0.536123853211
0.638225255973	0.536123853211
0.638661202186	0.536123853211
0.639097744361	0.536123853211
0.639534883721	0.536123853211
0.635437881874	0.536697247706
0.635254237288	0.537270642202
0.635685210312	0.537270642202
0.633783783784	0.537844036697
0.634212305612	0.537844036697
0.634641407307	0.537844036697
0.635071090047	0.537844036697
0.635501355014	0.537844036697
0.633603238866	0.538417431193
0.634031060095	0.538417431193
0.633423180593	0.538990825688
0.633850303439	0.538990825688
0.633916554509	0.540137614679
0.634162743779	0.540711009174
0.63355704698	0.54128440367
0.633982538617	0.54128440367
0.634408602151	0.54128440367
0.633802816901	0.541857798165
0.634048257373	0.542431192661
0.631754503002	0.543004587156
0.63217623498	0.543004587156
0.632598530394	0.543004587156
0.633021390374	0.543004587156
0.633444816054	0.543004587156
0.633868808568	0.543004587156
0.634293369056	0.543004587156
0.630319148936	0.543577981651
0.630738522954	0.543577981651
0.631158455393	0.543577981651
0.631578947368	0.543577981651
0.632	0.543577981651
0.628893306826	0.544151376147
0.629310344828	0.544151376147
0.629727936297	0.544151376147
0.630146082337	0.544151376147
0.630564784053	0.544151376147
0.626649076517	0.544724770642
0.627062706271	0.544724770642
0.627476882431	0.544724770642
0.627891606081	0.544724770642
0.628306878307	0.544724770642
0.628722700199	0.544724770642
0.629139072848	0.544724770642
0.624425476034	0.545298165138
0.624835742444	0.545298165138
0.625246548323	0.545298165138
0.625657894737	0.545298165138
0.626069782752	0.545298165138
0.626482213439	0.545298165138
0.626895187871	0.545298165138
0.62467191601	0.545871559633
0.624508519004	0.546444954128
0.624918032787	0.546444954128
0.624345549738	0.547018348624
0.624754420432	0.547018348624
0.624183006536	0.547591743119
0.624591236102	0.547591743119
0.621990891347	0.548165137615
0.622395833333	0.548165137615
0.622801302932	0.548165137615
0.623207301173	0.548165137615
0.623613829093	0.548165137615
0.624020887728	0.548165137615
0.624428478119	0.548165137615
0.620220349968	0.54873853211
0.621025308241	0.54873853211
0.621832358674	0.54873853211
0.622236671001	0.54873853211
0.619663648124	0.549311926606
0.620064724919	0.549311926606
0.620466321244	0.549311926606
0.617912371134	0.549885321101
0.618310767247	0.549885321101
0.618709677419	0.549885321101
0.619109102647	0.549885321101
0.619509043928	0.549885321101
0.619909502262	0.549885321101
0.618158403091	0.550458715596
0.6152368758	0.551032110092
0.615631005766	0.551032110092
0.616025641026	0.551032110092
0.616420782553	0.551032110092
0.616816431322	0.551032110092
0.617212588311	0.551032110092
0.617609254499	0.551032110092
0.618404118404	0.551032110092
0.615089514066	0.551605504587
0.615483045425	0.551605504587
0.615335463259	0.552178899083
0.61558109834	0.552752293578
0.614649681529	0.553325688073
0.615041427661	0.553325688073
0.615826419911	0.553325688073
0.614894971356	0.553899082569
0.613968253968	0.554472477064
0.614358322745	0.554472477064
0.614748887476	0.554472477064
0.615139949109	0.554472477064
0.613823715916	0.55504587156
0.61421319797	0.55504587156
0.613291139241	0.555619266055
0.613679544015	0.555619266055
0.614068441065	0.555619266055
0.612373737374	0.55619266055
0.612760581175	0.55619266055
0.613147914033	0.55619266055
0.613535736875	0.55619266055
0.61261829653	0.556766055046
0.612090680101	0.557339449541
0.61247637051	0.557339449541
0.612862547289	0.557339449541
0.611565053426	0.557912844037
0.611949685535	0.557912844037
0.612334801762	0.557912844037
0.61104140527	0.558486238532
0.611424984306	0.558486238532
0.611809045226	0.558486238532
0.610519724483	0.559059633028
0.610902255639	0.559059633028
0.611285266458	0.559059633028
0.610763454318	0.559633027523
0.6110068793	0.560206422018
0.609345794393	0.560779816514
0.609725685786	0.560779816514
0.610106051154	0.560779816514
0.610486891386	0.560779816514
0.61086820737	0.560779816514
0.61125	0.560779816514
0.609589041096	0.561353211009
0.608695652174	0.561926605505
0.609073958981	0.561926605505
0.609452736318	0.561926605505
0.609831985065	0.561926605505
0.608560794045	0.5625
0.608938547486	0.5625
0.608803471792	0.563073394495
0.609045848823	0.563646788991
0.607782581841	0.564220183486
0.608158220025	0.564220183486
0.60853432282	0.564220183486
0.608910891089	0.564220183486
0.609287925697	0.564220183486
0.606153846154	0.564793577982
0.606527093596	0.564793577982
0.606900800986	0.564793577982
0.607274969174	0.564793577982
0.607649599013	0.564793577982
0.608024691358	0.564793577982
0.60602335587	0.565366972477
0.606396063961	0.565366972477
0.605893186004	0.565940366972
0.606265356265	0.565940366972
0.605763335377	0.566513761468
0.606134969325	0.566513761468
0.606004901961	0.567087155963
0.606246172688	0.567660550459
0.605006105006	0.568233944954
0.605375687233	0.568233944954
0.605745721271	0.568233944954
0.606116207951	0.568233944954
0.606487148103	0.568233944954
0.605247101891	0.56880733945
0.605118829982	0.569380733945
0.605487804878	0.569380733945
0.604990870359	0.56995412844
0.605359317905	0.56995412844
0.604128718883	0.570527522936
0.604495747266	0.570527522936
0.605231143552	0.570527522936
0.604002425713	0.571100917431
0.604368932039	0.571100917431
0.603510895884	0.571674311927
0.603876438522	0.571674311927
0.604242424242	0.571674311927
0.602657004831	0.572247706422
0.603021148036	0.572247706422
0.60338573156	0.572247706422
0.603750756201	0.572247706422
0.602533172497	0.572821100917
0.602896801448	0.572821100917
0.602772754671	0.573394495413
0.600840336134	0.573967889908
0.601201201201	0.573967889908
0.6015625	0.573967889908
0.601924233313	0.573967889908
0.602286401925	0.573967889908
0.602649006623	0.573967889908
0.6	0.574541284404
0.600359496705	0.574541284404
0.60071942446	0.574541284404
0.601079784043	0.574541284404
0.599880382775	0.575114678899
0.600239377618	0.575114678899
0.599761051374	0.575688073394
0.600119545726	0.575688073394
0.6	0.57626146789
0.599166170339	0.576834862385
0.599523241955	0.576834862385
0.599880739416	0.576834862385
0.600238663484	0.576834862385
0.59762611276	0.577408256881
0.597980997625	0.577408256881
0.598336304219	0.577408256881
0.598692033294	0.577408256881
0.599048185604	0.577408256881
0.599404761905	0.577408256881
0.597864768683	0.577981651376
0.598103141672	0.578555045872
0.598341232227	0.579128440367
0.598579040853	0.579701834862
0.598816568047	0.580275229358
0.599053814311	0.580848623853
0.599290780142	0.581422018349
0.599173553719	0.581995412844
0.599527466037	0.581995412844
0.599410029499	0.582568807339
0.59929286977	0.583142201835
0.599646226415	0.583142201835
0.599528857479	0.58371559633
0.599764567393	0.584288990826
0.6	0.584862385321
0.600235155791	0.585435779817
0.599765258216	0.586009174312
0.600117439812	0.586009174312
0.600470035253	0.586009174312
0.598946135831	0.586582568807
0.599297012302	0.586582568807
0.599648300117	0.586582568807
0.6	0.586582568807
0.598480420807	0.587155963303
0.598830409357	0.587155963303
0.59918080749	0.587155963303
0.598714953271	0.587729357798
0.598949211909	0.588302752294
0.5991831972	0.588876146789
0.599416909621	0.589449541284
0.599301106581	0.59002293578
0.59965034965	0.59002293578
0.599534342258	0.590596330275
0.599767306574	0.591169724771
0.599303135889	0.591743119266
0.599651365485	0.591743119266
0.6	0.591743119266
0.599187935035	0.592316513761
0.599535693558	0.592316513761
0.599073001159	0.592889908257
0.599420289855	0.592889908257
0.599305153445	0.593463302752
0.599537037037	0.594036697248
0.599075678798	0.594610091743
0.599421965318	0.594610091743
0.5997686524	0.594610091743
0.598270893372	0.595183486239
0.598615916955	0.595183486239
0.598961338719	0.595183486239
0.599307159353	0.595183486239
0.597126436782	0.595756880734
0.597469810236	0.595756880734
0.597813578826	0.595756880734
0.598157743235	0.595756880734
0.598502304147	0.595756880734
0.595988538682	0.596330275229
0.596330275229	0.596330275229
0.596672403901	0.596330275229
0.597014925373	0.596330275229
0.597357840322	0.596330275229
0.592824601367	0.596903669725
0.593162393162	0.596903669725
0.593500570125	0.596903669725
0.593839132915	0.596903669725
0.594178082192	0.596903669725
0.594517418618	0.596903669725
0.594857142857	0.596903669725
0.595197255575	0.596903669725
0.595537757437	0.596903669725
0.595878649113	0.596903669725
0.596219931271	0.596903669725
0.593056346044	0.59747706422
0.592277115275	0.598050458716
0.59295054008	0.598050458716
0.593287827076	0.598050458716
0.592172433352	0.598623853211
0.592508513053	0.598623853211
0.592403628118	0.599197247706
0.590960451977	0.599770642202
0.591294516676	0.599770642202
0.591628959276	0.599770642202
0.591963780419	0.599770642202
0.592298980747	0.599770642202
0.592634560907	0.599770642202
0.589527027027	0.600344036697
0.58985915493	0.600344036697
0.590191657272	0.600344036697
0.590524534687	0.600344036697
0.59085778781	0.600344036697
0.591191417278	0.600344036697
0.58942632171	0.600917431193
0.589758019133	0.600917431193
0.589657110736	0.601490825688
0.589887640449	0.602064220183
0.590117911286	0.602637614679
0.590347923681	0.603211009174
0.588596981554	0.60378440367
0.588926174497	0.60378440367
0.58925573587	0.60378440367
0.589585666293	0.60378440367
0.589915966387	0.60378440367
0.590246636771	0.60378440367
0.590577678071	0.60378440367
0.588826815642	0.604357798165
0.589056393076	0.604931192661
0.588628762542	0.605504587156
0.588957055215	0.605504587156
0.589285714286	0.605504587156
0.588530066815	0.606077981651
0.588857938719	0.606077981651
0.588104502501	0.606651376147
0.588431590656	0.606651376147
0.588759042849	0.606651376147
0.587028824834	0.607224770642
0.587354409318	0.607224770642
0.587680355161	0.607224770642
0.588006662965	0.607224770642
0.588333333333	0.607224770642
0.587257617729	0.607798165138
0.587486157254	0.608371559633
0.58771444383	0.608944954128
0.587617468214	0.609518348624
0.587942477876	0.609518348624
0.586549062845	0.610091743119
0.586872586873	0.610091743119
0.587196467991	0.610091743119
0.587520706792	0.610091743119
0.587845303867	0.610091743119
0.58613098514	0.610665137615
0.586453744493	0.610665137615
0.586776859504	0.610665137615
0.586036283672	0.61123853211
0.586358635864	0.61123853211
0.585298957762	0.611811926606
0.585620197585	0.611811926606
0.585941790225	0.611811926606
0.586263736264	0.611811926606
0.585205479452	0.612385321101
0.585526315789	0.612385321101
0.585112205802	0.612958715596
0.58543263965	0.612958715596
0.58533916849	0.613532110092
0.585565882996	0.614105504587
0.585792349727	0.614678899083
0.586018569088	0.615252293578
0.585924713584	0.615825688073
0.586244541485	0.615825688073
0.586150490731	0.616399082569
0.586376021798	0.616972477064
0.585008147746	0.61754587156
0.585326086957	0.61754587156
0.585644371941	0.61754587156
0.585963003264	0.61754587156
0.586281981492	0.61754587156
0.58660130719	0.61754587156
0.585233441911	0.618119266055
0.585140997831	0.61869266055
0.58545849159	0.61869266055
0.585365853659	0.619266055046
0.584956709957	0.619839449541
0.585590465872	0.619839449541
0.585181179016	0.620412844037
0.584142394822	0.620986238532
0.584457636266	0.620986238532
0.584773218143	0.620986238532
0.585089141005	0.620986238532
0.585405405405	0.620986238532
0.583737210555	0.621559633028
0.584051724138	0.621559633028
0.584366576819	0.621559633028
0.583961248654	0.622133027523
0.583870967742	0.622706422018
0.584185045724	0.622706422018
0.583467525497	0.623279816514
0.583780880773	0.623279816514
0.58409457281	0.623279816514
0.583690987124	0.623853211009
0.583914209115	0.624426605505
0.583199571964	0.625
0.583511777302	0.625
0.583824317086	0.625
0.584137191854	0.625
0.583422459893	0.625573394495
0.581779435269	0.626146788991
0.582089552239	0.626146788991
0.5824	0.626146788991
0.582710779082	0.626146788991
0.583021890016	0.626146788991
0.583333333333	0.626146788991
0.583645109567	0.626146788991
0.581692389569	0.626720183486
0.582002129925	0.626720183486
0.581605528974	0.627293577982
0.581914893617	0.627293577982
0.581827842721	0.627866972477
0.581740976645	0.628440366972
0.58204992034	0.628440366972
0.581346051934	0.629013761468
0.581654294804	0.629013761468
0.581962864721	0.629013761468
0.58156779661	0.629587155963
