Precision	Recall
1.0	0.0
0.725	0.016384180791
0.755555555556	0.019209039548
0.764705882353	0.0220338983051
0.789473684211	0.0254237288136
0.793650793651	0.0282485875706
0.808823529412	0.0310734463277
0.821917808219	0.0338983050847
0.802631578947	0.0344632768362
0.77380952381	0.0367231638418
0.747252747253	0.038418079096
0.762886597938	0.0418079096045
0.762376237624	0.0435028248588
0.761904761905	0.045197740113
0.770642201835	0.0474576271186
0.771929824561	0.0497175141243
0.764227642276	0.0531073446328
0.783333333333	0.0531073446328
0.768	0.0542372881356
0.75572519084	0.0559322033898
0.753623188406	0.0587570621469
0.762237762238	0.061581920904
0.765100671141	0.064406779661
0.777070063694	0.0689265536723
0.763636363636	0.071186440678
0.777777777778	0.071186440678
0.757396449704	0.0723163841808
0.75	0.0728813559322
0.752808988764	0.0757062146893
0.745945945946	0.0779661016949
0.744791666667	0.080790960452
0.748743718593	0.0841807909605
0.75	0.0864406779661
0.739336492891	0.0881355932203
0.75	0.0881355932203
0.733644859813	0.0887005649718
0.740909090909	0.0920903954802
0.725663716814	0.0926553672316
0.726086956522	0.0943502824859
0.730769230769	0.0966101694915
0.723849372385	0.0977401129944
0.726141078838	0.0988700564972
0.718367346939	0.0994350282486
0.716599190283	0.1
0.701960784314	0.101129943503
0.698473282443	0.103389830508
0.684014869888	0.10395480226
0.6875	0.105649717514
0.686131386861	0.106214689266
0.687050359712	0.10790960452
0.689530685921	0.10790960452
0.694736842105	0.11186440678
0.696551724138	0.114124293785
0.696245733788	0.115254237288
0.694630872483	0.116949152542
0.697674418605	0.118644067797
0.699346405229	0.120903954802
0.697452229299	0.123728813559
0.681114551084	0.124293785311
0.698412698413	0.124293785311
0.677811550152	0.125988700565
0.681957186544	0.125988700565
0.683582089552	0.129378531073
0.685294117647	0.131638418079
0.676217765043	0.133333333333
0.684057971014	0.133333333333
0.686046511628	0.133333333333
0.674220963173	0.134463276836
0.673184357542	0.13615819209
0.672222222222	0.136723163842
0.674033149171	0.137853107345
0.671195652174	0.139548022599
0.66846361186	0.14011299435
0.662234042553	0.140677966102
0.658792650919	0.141807909605
0.651162790698	0.142372881356
0.65625	0.142372881356
0.654822335025	0.145762711864
0.648379052369	0.146892655367
0.654911838791	0.146892655367
0.647783251232	0.148587570621
0.648780487805	0.150282485876
0.649635036496	0.150847457627
0.644230769231	0.151412429379
0.642857142857	0.152542372881
0.648148148148	0.158192090395
0.649769585253	0.159322033898
0.650684931507	0.161016949153
0.647855530474	0.162146892655
0.64798206278	0.163276836158
0.647321428571	0.16384180791
0.643956043956	0.165536723164
0.636363636364	0.166101694915
0.639130434783	0.166101694915
0.635775862069	0.166666666667
0.625792811839	0.167231638418
0.628151260504	0.168926553672
0.630480167015	0.170621468927
0.625	0.172316384181
0.627572016461	0.172316384181
0.632780082988	0.172316384181
0.620689655172	0.172881355932
0.614770459082	0.174011299435
0.617063492063	0.175706214689
0.614173228346	0.176271186441
0.616600790514	0.176271186441
0.611328125	0.176836158192
0.612716763006	0.179661016949
0.614203454894	0.180790960452
0.615969581749	0.183050847458
0.612359550562	0.184745762712
0.616981132075	0.184745762712
0.614525139665	0.186440677966
0.615526802218	0.18813559322
0.611721611722	0.188700564972
0.613430127042	0.190960451977
0.610412926391	0.19209039548
0.6125	0.193785310734
0.610619469027	0.194915254237
0.612280701754	0.197175141243
0.608996539792	0.198870056497
0.614310645724	0.198870056497
0.611015490534	0.200564971751
0.61301369863	0.202259887006
0.612903225806	0.20395480226
0.611111111111	0.205084745763
0.61421319797	0.205084745763
0.612040133779	0.206779661017
0.612956810631	0.208474576271
0.614238410596	0.209604519774
0.61449752883	0.210734463277
0.614121510673	0.211299435028
0.609756097561	0.21186440678
0.608414239482	0.212429378531
0.61038961039	0.212429378531
0.60834670947	0.214124293785
0.610223642173	0.21581920904
0.607594936709	0.216949152542
0.60534591195	0.217514124294
0.607198748044	0.219209039548
0.609642301711	0.221468926554
0.609907120743	0.222598870056
0.609831029186	0.224293785311
0.611710323575	0.224293785311
0.610429447853	0.224858757062
0.611620795107	0.225988700565
0.611280487805	0.226553672316
0.612462006079	0.227683615819
0.613876319759	0.229943502825
0.613193403298	0.231073446328
0.613095238095	0.232768361582
0.61447562777	0.235028248588
0.612903225806	0.23615819209
0.613702623907	0.237853107345
0.612716763006	0.239548022599
0.61262553802	0.241242937853
0.609375	0.242372881356
0.612857142857	0.242372881356
0.603641456583	0.243502824859
0.607898448519	0.243502824859
0.610481586402	0.243502824859
0.606944444444	0.246892655367
0.604972375691	0.247457627119
0.60522696011	0.248587570621
0.607387140903	0.250847457627
0.60351826793	0.25197740113
0.60597826087	0.25197740113
0.608458390177	0.25197740113
0.596537949401	0.253107344633
0.598930481283	0.253107344633
0.601342281879	0.253107344633
0.591327201051	0.254237288136
0.592885375494	0.254237288136
0.595238095238	0.254237288136
0.592931937173	0.25593220339
0.591145833333	0.256497175141
0.59173126615	0.258757062147
0.588988476312	0.25988700565
0.589743589744	0.25988700565
0.592020592021	0.25988700565
0.587261146497	0.260451977401
0.587039390089	0.261016949153
0.588086185044	0.262146892655
0.58786346397	0.262711864407
0.58469259724	0.263276836158
0.586901763224	0.263276836158
0.585	0.264406779661
0.585518102372	0.264971751412
0.587064676617	0.266666666667
0.585908529048	0.267796610169
0.585995085995	0.269491525424
0.58435207824	0.270056497175
0.583737864078	0.271751412429
0.585158150852	0.271751412429
0.584745762712	0.272881355932
0.584541062802	0.273446327684
0.584134615385	0.274576271186
0.584633853541	0.275141242938
0.584431137725	0.275706214689
0.585131894484	0.275706214689
0.578698224852	0.276271186441
0.582142857143	0.276271186441
0.578512396694	0.276836158192
0.575438596491	0.277966101695
0.578823529412	0.277966101695
0.576923076923	0.279661016949
0.577235772358	0.280790960452
0.573732718894	0.281355932203
0.575722543353	0.281355932203
0.577726218097	0.281355932203
0.572247706422	0.281920903955
0.571917808219	0.283050847458
0.57337883959	0.284745762712
0.569334836528	0.285310734463
0.571266968326	0.285310734463
0.567749160134	0.286440677966
0.569662921348	0.286440677966
0.563676633444	0.287570621469
0.566184649611	0.287570621469
0.562293274531	0.28813559322
0.562156215622	0.288700564972
0.558342420938	0.289265536723
0.560788608981	0.289265536723
0.562637362637	0.289265536723
0.556879739978	0.290395480226
0.558089033659	0.290395480226
0.554359526372	0.290960451977
0.554956896552	0.290960451977
0.554126473741	0.29209039548
0.554962646745	0.293785310734
0.554845580405	0.294350282486
0.552966101695	0.294915254237
0.554140127389	0.294915254237
0.55227032735	0.295480225989
0.553101997897	0.297175141243
0.55276907001	0.298870056497
0.553926701571	0.298870056497
0.552659019812	0.299435028249
0.54958677686	0.300564971751
0.551295336788	0.300564971751
0.548818088386	0.301694915254
0.549948506694	0.301694915254
0.544715447154	0.302824858757
0.548057259714	0.302824858757
0.545638945233	0.30395480226
0.54609929078	0.304519774011
0.544904137235	0.305084745763
0.546006066734	0.305084745763
0.54472361809	0.306214689266
0.544633901705	0.306779661017
0.545	0.30790960452
0.544278606965	0.309039548023
0.544820717131	0.309039548023
0.544190665343	0.309604519774
0.544554455446	0.310734463277
0.544378698225	0.31186440678
0.544739429695	0.312994350282
0.546078431373	0.314689265537
0.545988258317	0.315254237288
0.545365853659	0.31581920904
0.546511627907	0.318644067797
0.547826086957	0.320338983051
0.545977011494	0.322033898305
0.548076923077	0.322033898305
0.544327931363	0.322598870056
0.545889101338	0.322598870056
0.542180094787	0.323163841808
0.542613636364	0.323728813559
0.542884071631	0.325423728814
0.543744120414	0.326553672316
0.542134831461	0.327118644068
0.542910447761	0.328813559322
0.543255813953	0.329943502825
0.5426716141	0.330508474576
0.540018399264	0.331638418079
0.542513863216	0.331638418079
0.539944903581	0.332203389831
0.537899543379	0.332768361582
0.539377289377	0.332768361582
0.53825136612	0.333898305085
0.537137681159	0.335028248588
0.539090909091	0.335028248588
0.535135135135	0.335593220339
0.536585365854	0.335593220339
0.534591194969	0.33615819209
0.534467323187	0.337288135593
0.534344335415	0.338418079096
0.531914893617	0.338983050847
0.533807829181	0.338983050847
0.53185840708	0.339548022599
0.530864197531	0.34011299435
0.531802120141	0.34011299435
0.528896672504	0.341242937853
0.529824561404	0.341242937853
0.528846153846	0.341807909605
0.529257641921	0.342372881356
0.528745644599	0.342937853107
0.527729636049	0.34406779661
0.529565217391	0.34406779661
0.5276816609	0.344632768362
0.527586206897	0.345762711864
0.525235243798	0.346892655367
0.526135389889	0.346892655367
0.527944969905	0.346892655367
0.525597269625	0.34802259887
0.52600170503	0.348587570621
0.52417302799	0.349152542373
0.525510204082	0.349152542373
0.524132091448	0.349717514124
0.524576271186	0.349717514124
0.524493243243	0.350847457627
0.525695029486	0.352542372881
0.524727577536	0.353672316384
0.524644945698	0.354802259887
0.524166666667	0.355367231638
0.523690773067	0.35593220339
0.523651452282	0.356497175141
0.524086378738	0.356497175141
0.521882741536	0.357062146893
0.522746071133	0.357062146893
0.518852459016	0.357627118644
0.52013147083	0.357627118644
0.521416803954	0.357627118644
0.517551020408	0.358192090395
0.518397383483	0.358192090395
0.517886178862	0.35988700565
0.518729641694	0.35988700565
0.516990291262	0.361016949153
0.518248175182	0.361016949153
0.517770597738	0.362146892655
0.516077170418	0.362711864407
0.517324738114	0.362711864407
0.516051364366	0.363276836158
0.515612489992	0.36384180791
0.512718600954	0.364406779661
0.513126491647	0.364406779661
0.515587529976	0.364406779661
0.512698412698	0.364971751412
0.513084853291	0.365536723164
0.512638230648	0.366666666667
0.511811023622	0.367231638418
0.512214342002	0.367231638418
0.512118842846	0.370056497175
0.513725490196	0.370056497175
0.511301636789	0.370621468927
0.512062256809	0.371751412429
0.511609907121	0.373446327684
0.510408635312	0.374011299435
0.5103926097	0.374576271186
0.508009153318	0.376271186441
0.509563886764	0.376271186441
0.510736196319	0.376271186441
0.507610350076	0.376836158192
0.506444275967	0.377401129944
0.507180650038	0.379096045198
0.50756429652	0.379096045198
0.506787330317	0.379661016949
0.507888805409	0.381920903955
0.506357516829	0.382485875706
0.506736526946	0.382485875706
0.508258258258	0.382485875706
0.506726457399	0.383050847458
0.506706408346	0.38418079096
0.507073715562	0.384745762712
0.506686478455	0.385310734463
0.507063197026	0.385310734463
0.503687315634	0.385875706215
0.505177514793	0.385875706215
0.506300963677	0.385875706215
0.50441826215	0.387005649718
0.50293255132	0.387570621469
0.503671071953	0.387570621469
0.502192982456	0.38813559322
0.501090909091	0.389265536723
0.502186588921	0.389265536723
0.501087744743	0.390395480226
0.501807664497	0.39209039548
0.5010814708	0.392655367232
0.49750178444	0.393785310734
0.498569384835	0.393785310734
0.499641577061	0.393785310734
0.500718390805	0.393785310734
0.501438848921	0.393785310734
0.497508896797	0.394915254237
0.496107572541	0.39604519774
0.497869318182	0.39604519774
0.497529992943	0.398305084746
0.495438596491	0.398870056497
0.497533474278	0.398870056497
0.494060097834	0.399435028249
0.495098039216	0.399435028249
0.494068387997	0.4
0.490657439446	0.400564971751
0.491337491337	0.400564971751
0.492019430951	0.400564971751
0.493732590529	0.400564971751
0.490670352453	0.401129943503
0.491724137931	0.402824858757
0.491071428571	0.40395480226
0.492085340674	0.40395480226
0.490747087046	0.404519774011
0.49144421629	0.405649717514
0.490450204638	0.406214689266
0.490784982935	0.406214689266
0.491792065663	0.406214689266
0.485829959514	0.406779661017
0.486815415822	0.406779661017
0.487804878049	0.406779661017
0.488466757123	0.406779661017
0.490463215259	0.406779661017
0.486176668914	0.407344632768
0.48554135844	0.40790960452
0.483655770514	0.409604519774
0.484301937208	0.409604519774
0.485599464166	0.409604519774
0.486577181208	0.409604519774
0.483677548301	0.410169491525
0.484042553191	0.411299435028
0.473992197659	0.41186440678
0.474609375	0.41186440678
0.474918566775	0.41186440678
0.475848563969	0.41186440678
0.477094240838	0.41186440678
0.477719528178	0.41186440678
0.478346456693	0.41186440678
0.479605263158	0.41186440678
0.48023715415	0.41186440678
0.481188118812	0.41186440678
0.482461945731	0.41186440678
0.482781456954	0.41186440678
0.483421750663	0.41186440678
0.48406374502	0.41186440678
0.473718364698	0.412429378531
0.470739549839	0.413559322034
0.471649484536	0.413559322034
0.473173884939	0.413559322034
0.473479948254	0.413559322034
0.474093264249	0.413559322034
0.471079691517	0.414124293785
0.472097498396	0.41581920904
0.47216890595	0.416949152542
0.472773862908	0.416949152542
0.472506393862	0.417514124294
0.473516273133	0.419209039548
0.473852040816	0.419774011299
0.472981563891	0.420338983051
0.471853257432	0.421468926554
0.472750316857	0.421468926554
0.473350253807	0.421468926554
0.471888818699	0.422033898305
0.471626733922	0.422598870056
0.471959672338	0.423163841808
0.469630557295	0.423728813559
0.470809792844	0.423728813559
0.471994965387	0.423728813559
0.469962453066	0.424293785311
0.468827930175	0.424858757062
0.469706433479	0.424858757062
0.468866749689	0.425423728814
0.468032278088	0.425988700565
0.468905472637	0.425988700565
0.463235294118	0.427118644068
0.464373464373	0.427118644068
0.464658881377	0.427118644068
0.465517241379	0.427118644068
0.466666666667	0.427118644068
0.467532467532	0.427118644068
0.468111455108	0.427118644068
0.462996941896	0.427683615819
0.463280293758	0.427683615819
0.461913467398	0.428248587571
0.463042150275	0.428248587571
0.461398176292	0.428813559322
0.461678832117	0.428813559322
0.462241169306	0.428813559322
0.459214501511	0.429378531073
0.459492140266	0.429378531073
0.461165048544	0.429378531073
0.461725394897	0.429378531073
0.460193003619	0.431073446328
0.460843373494	0.432203389831
0.458682634731	0.432768361582
0.45950809838	0.432768361582
0.460613349369	0.432768361582
0.458732057416	0.433333333333
0.458233890215	0.433898305085
0.458781362007	0.433898305085
0.453955135773	0.434463276836
0.455029585799	0.434463276836
0.455568720379	0.434463276836
0.455838767042	0.434463276836
0.456379821958	0.434463276836
0.457193816885	0.434463276836
0.458283671037	0.434463276836
0.453529411765	0.435593220339
0.454331172658	0.435593220339
0.453958944282	0.437288135593
0.454492072813	0.437288135593
0.454012888108	0.437853107345
0.453006421483	0.438418079096
0.453535943892	0.438418079096
0.454332552693	0.438418079096
0.452533488643	0.438983050847
0.45306122449	0.438983050847
0.452325581395	0.439548022599
0.447443997702	0.44011299435
0.448216340621	0.44011299435
0.448732718894	0.44011299435
0.448991354467	0.44011299435
0.449509521062	0.44011299435
0.450289017341	0.44011299435
0.450810185185	0.44011299435
0.451594202899	0.44011299435
0.451856148492	0.44011299435
0.445014245014	0.441242937853
0.445776255708	0.441242937853
0.447052089296	0.441242937853
0.447564469914	0.441242937853
0.439820022497	0.441807909605
0.440067529544	0.441807909605
0.440315315315	0.441807909605
0.440811724915	0.441807909605
0.442057659695	0.441807909605
0.442808607022	0.441807909605
0.443310657596	0.441807909605
0.444318181818	0.441807909605
0.445076835515	0.441807909605
0.445330296128	0.441807909605
0.439147504206	0.442372881356
0.439393939394	0.442372881356
0.439887640449	0.442372881356
0.439215686275	0.442937853107
0.438440111421	0.444632768362
0.439419318816	0.444632768362
0.439664804469	0.444632768362
0.440156599553	0.444632768362
0.437777777778	0.445197740113
0.438508625487	0.445197740113
0.437846836848	0.445762711864
0.436293436293	0.446892655367
0.436534216336	0.446892655367
0.437258153676	0.446892655367
0.437742114001	0.446892655367
0.432078559738	0.447457627119
0.433023510115	0.447457627119
0.433734939759	0.447457627119
0.434210526316	0.447457627119
0.434925864909	0.447457627119
0.435883324161	0.447457627119
0.436363636364	0.447457627119
0.429421308816	0.448587570621
0.429886302112	0.448587570621
0.430352303523	0.448587570621
0.43105320304	0.448587570621
0.431756389342	0.448587570621
0.431991294886	0.448587570621
0.428340517241	0.449152542373
0.42972972973	0.449152542373
0.427038626609	0.449717514124
0.427727028479	0.449717514124
0.428187197418	0.449717514124
0.428417653391	0.449717514124
0.426203208556	0.450282485876
0.426659528908	0.450282485876
0.427116827438	0.450282485876
0.423791821561	0.450847457627
0.424017003188	0.450847457627
0.424693986163	0.450847457627
0.424920127796	0.450847457627
0.425827107791	0.450847457627
0.426282051282	0.450847457627
0.423872679045	0.451412429379
0.42395336513	0.45197740113
0.423585404548	0.452542372881
0.424258474576	0.452542372881
0.422772799157	0.453107344633
0.422995780591	0.453107344633
0.423890063425	0.453107344633
0.423076923077	0.453672316384
0.423684210526	0.454802259887
0.423764458465	0.455367231638
0.424067262218	0.45593220339
