Precision	Recall
1.0	0.0
0.692307692308	0.00508474576271
1.0	0.00508474576271
0.761904761905	0.0090395480226
0.75	0.0101694915254
0.740740740741	0.0112994350282
0.766666666667	0.0129943502825
0.787878787879	0.0146892655367
0.810810810811	0.0169491525424
0.825	0.0186440677966
0.844444444444	0.0214689265537
0.843137254902	0.0242937853107
0.859649122807	0.0276836158192
0.857142857143	0.0305084745763
0.867647058824	0.0333333333333
0.876712328767	0.0361581920904
0.855263157895	0.0367231638418
0.845238095238	0.0401129943503
0.824175824176	0.0423728813559
0.835051546392	0.0457627118644
0.831683168317	0.0474576271186
0.828571428571	0.0491525423729
0.834862385321	0.0514124293785
0.833333333333	0.0536723163842
0.841666666667	0.0570621468927
0.837398373984	0.0581920903955
0.84	0.0593220338983
0.832061068702	0.061581920904
0.826086956522	0.064406779661
0.832167832168	0.0672316384181
0.832214765101	0.0700564971751
0.84076433121	0.0745762711864
0.83950617284	0.0768361581921
0.830303030303	0.0774011299435
0.822485207101	0.0785310734463
0.825581395349	0.0802259887006
0.831460674157	0.083615819209
0.821621621622	0.0858757062147
0.822916666667	0.0892655367232
0.824120603015	0.0926553672316
0.823529411765	0.0949152542373
0.810426540284	0.0966101694915
0.822115384615	0.0966101694915
0.808411214953	0.0977401129944
0.813636363636	0.101129943503
0.809734513274	0.103389830508
0.808695652174	0.105084745763
0.811965811966	0.107344632768
0.811715481172	0.109604519774
0.813278008299	0.110734463277
0.804081632653	0.111299435028
0.801619433198	0.11186440678
0.78431372549	0.112994350282
0.782442748092	0.11581920904
0.773234200743	0.117514124294
0.775735294118	0.119209039548
0.777372262774	0.120338983051
0.779783393502	0.122033898305
0.780575539568	0.122598870056
0.785964912281	0.126553672316
0.789655172414	0.129378531073
0.788395904437	0.130508474576
0.785234899329	0.132203389831
0.787375415282	0.133898305085
0.787581699346	0.13615819209
0.783439490446	0.138983050847
0.764705882353	0.139548022599
0.784126984127	0.139548022599
0.764525993884	0.141242937853
0.762917933131	0.141807909605
0.767164179104	0.145197740113
0.767647058824	0.147457627119
0.770348837209	0.149717514124
0.771014492754	0.150282485876
0.770773638968	0.15197740113
0.773371104816	0.154237288136
0.77094972067	0.15593220339
0.769444444444	0.156497175141
0.770718232044	0.157627118644
0.766304347826	0.159322033898
0.765498652291	0.160451977401
0.757978723404	0.161016949153
0.753280839895	0.162146892655
0.752604166667	0.163276836158
0.754521963824	0.164971751412
0.758883248731	0.168926553672
0.753117206983	0.170621468927
0.760705289673	0.170621468927
0.751231527094	0.172316384181
0.751219512195	0.174011299435
0.751824817518	0.174576271186
0.752403846154	0.176836158192
0.75	0.177966101695
0.756944444444	0.184745762712
0.758064516129	0.185875706215
0.75799086758	0.187570621469
0.7539503386	0.188700564972
0.755605381166	0.190395480226
0.756696428571	0.191525423729
0.758241758242	0.194915254237
0.748917748918	0.195480225989
0.752173913043	0.195480225989
0.747844827586	0.19604519774
0.739957716702	0.197740112994
0.741596638655	0.199435028249
0.743215031315	0.201129943503
0.744813278008	0.202824858757
0.744855967078	0.204519774011
0.745901639344	0.205649717514
0.740365111562	0.206214689266
0.73253493014	0.207344632768
0.734126984127	0.209039548023
0.735177865613	0.210169491525
0.734251968504	0.210734463277
0.73046875	0.211299435028
0.732177263969	0.214689265537
0.73320537428	0.21581920904
0.733840304183	0.218079096045
0.733962264151	0.219774011299
0.732209737828	0.220903954802
0.733705772812	0.222598870056
0.735674676525	0.224858757062
0.732600732601	0.225988700565
0.733212341198	0.228248587571
0.730700179533	0.229943502825
0.732142857143	0.231638418079
0.729203539823	0.232768361582
0.731578947368	0.235593220339
0.732984293194	0.237288135593
0.731833910035	0.238983050847
0.73321858864	0.240677966102
0.734589041096	0.242372881356
0.733446519525	0.24406779661
0.73434856176	0.245197740113
0.732323232323	0.245762711864
0.732441471572	0.247457627119
0.732558139535	0.249152542373
0.733443708609	0.250282485876
0.733113673806	0.251412429379
0.733990147783	0.252542372881
0.730081300813	0.253672316384
0.730519480519	0.254237288136
0.729773462783	0.254802259887
0.728731942215	0.256497175141
0.730031948882	0.258192090395
0.727848101266	0.25988700565
0.724842767296	0.260451977401
0.72613458529	0.262146892655
0.727838258165	0.264406779661
0.727554179567	0.265536723164
0.728813559322	0.267231638418
0.729646697389	0.268361581921
0.730061349693	0.268926553672
0.730886850153	0.270056497175
0.731707317073	0.271186440678
0.732522796353	0.272316384181
0.734539969834	0.275141242938
0.733133433283	0.276271186441
0.732142857143	0.277966101695
0.7341211226	0.280790960452
0.731671554252	0.281920903955
0.731778425656	0.283615819209
0.729768786127	0.285310734463
0.728837876614	0.287005649718
0.73	0.288700564972
0.728693181818	0.289830508475
0.721288515406	0.290960451977
0.726375176305	0.290960451977
0.729461756374	0.290960451977
0.723611111111	0.294350282486
0.720994475138	0.294915254237
0.722145804677	0.296610169492
0.72366621067	0.298870056497
0.724420190996	0.3
0.722598105548	0.301694915254
0.725543478261	0.301694915254
0.720805369128	0.303389830508
0.72192513369	0.305084745763
0.723035952064	0.306779661017
0.722222222222	0.308474576271
0.723320158103	0.310169491525
0.724047306176	0.311299435028
0.725130890052	0.312994350282
0.723958333333	0.314124293785
0.723514211886	0.316384180791
0.723294723295	0.317514124294
0.723076923077	0.318644067797
0.723431498079	0.319209039548
0.722292993631	0.320338983051
0.722998729352	0.321468926554
0.723700887199	0.322598870056
0.723135271808	0.323163841808
0.722921914358	0.324293785311
0.721455457967	0.324858757062
0.72125	0.325988700565
0.721598002497	0.326553672316
0.72263681592	0.328248587571
0.721878862794	0.329943502825
0.72113022113	0.331638418079
0.721271393643	0.333333333333
0.721411192214	0.335028248588
0.720873786408	0.335593220339
0.721549636804	0.336723163842
0.722222222222	0.337853107345
0.722355769231	0.339548022599
0.72268907563	0.34011299435
0.723021582734	0.340677966102
0.723353293413	0.341242937853
0.720238095238	0.341807909605
0.717159763314	0.342372881356
0.716646989374	0.342937853107
0.713450292398	0.344632768362
0.717647058824	0.344632768362
0.714452214452	0.346327683616
0.714285714286	0.347457627119
0.712138728324	0.34802259887
0.714617169374	0.34802259887
0.710829493088	0.348587570621
0.70871559633	0.349152542373
0.707762557078	0.350282485876
0.708759954494	0.35197740113
0.705882352941	0.352542372881
0.704622322435	0.353107344633
0.704494382022	0.354237288136
0.704367301232	0.355367231638
0.701890989989	0.356497175141
0.702104097453	0.358192090395
0.701212789416	0.359322033898
0.701870187019	0.360451977401
0.699890470975	0.361016949153
0.702197802198	0.361016949153
0.699018538713	0.362146892655
0.699239956569	0.36384180791
0.699891657638	0.364971751412
0.697524219591	0.366101694915
0.698275862069	0.366101694915
0.69667738478	0.367231638418
0.696905016009	0.368926553672
0.697550585729	0.370056497175
0.697452229299	0.371186440678
0.697033898305	0.371751412429
0.697993664203	0.373446327684
0.698212407992	0.375141242938
0.698429319372	0.376836158192
0.698014629049	0.377401129944
0.698644421272	0.378531073446
0.696373056995	0.379661016949
0.695247933884	0.380225988701
0.696189495366	0.381920903955
0.69578622816	0.382485875706
0.695296523517	0.38418079096
0.692073170732	0.384745762712
0.692697768763	0.385875706215
0.693009118541	0.386440677966
0.693629929221	0.387570621469
0.694248234107	0.388700564972
0.694472361809	0.390395480226
0.69408224674	0.390960451977
0.694	0.39209039548
0.693227091633	0.393220338983
0.693532338308	0.393785310734
0.69314796425	0.394350282486
0.693069306931	0.395480225989
0.693293885602	0.397175141243
0.693215339233	0.398305084746
0.694117647059	0.4
0.694716242661	0.401129943503
0.694634146341	0.402259887006
0.69476744186	0.405084745763
0.695652173913	0.406779661017
0.695192307692	0.408474576271
0.695402298851	0.410169491525
0.695028680688	0.410734463277
0.694947569113	0.41186440678
0.692890995261	0.412994350282
0.693181818182	0.413559322034
0.69274269557	0.415254237288
0.693320790216	0.416384180791
0.691947565543	0.417514124294
0.692164179104	0.419209039548
0.692093023256	0.420338983051
0.691094619666	0.420903954802
0.6872125115	0.422033898305
0.690388170055	0.422033898305
0.687786960514	0.423163841808
0.687728937729	0.424293785311
0.687671232877	0.425423728814
0.687613843352	0.426553672316
0.688181818182	0.427683615819
0.689311594203	0.429943502825
0.686486486486	0.430508474576
0.688346883469	0.430508474576
0.685534591195	0.431073446328
0.686660698299	0.433333333333
0.685994647636	0.434463276836
0.682624113475	0.435028248588
0.685053380783	0.435028248588
0.682300884956	0.435593220339
0.681978798587	0.43615819209
0.681657848325	0.436723163842
0.681578947368	0.438983050847
0.681260945709	0.439548022599
0.681818181818	0.440677966102
0.682096069869	0.441242937853
0.68118466899	0.441807909605
0.681739130435	0.442937853107
0.681975736568	0.444632768362
0.681660899654	0.445197740113
0.681034482759	0.446327683616
0.678663239075	0.447457627119
0.680997420464	0.447457627119
0.679213002566	0.448587570621
0.679180887372	0.449717514124
0.679454390452	0.450282485876
0.679421768707	0.451412429379
0.679389312977	0.452542372881
0.679085520745	0.453107344633
0.679661016949	0.453107344633
0.679054054054	0.454237288136
0.679865206403	0.45593220339
0.678122380553	0.457062146893
0.677527151211	0.458192090395
0.6775	0.459322033898
0.677472984206	0.460451977401
0.677740863787	0.461016949153
0.678008298755	0.461581920904
0.676592224979	0.462146892655
0.676300578035	0.462711864407
0.673788003287	0.463276836158
0.675453047776	0.463276836158
0.673770491803	0.464406779661
0.673753066231	0.465536723164
0.673469387755	0.466101694915
0.674267100977	0.467796610169
0.674796747967	0.468926553672
0.674776966748	0.470056497175
0.675566343042	0.471751412429
0.676090468498	0.472881355932
0.676067687349	0.474011299435
0.675241157556	0.474576271186
0.675762439807	0.475706214689
0.674939951962	0.476271186441
0.674660271783	0.476836158192
0.673290937997	0.478531073446
0.673826571201	0.478531073446
0.67380952381	0.479661016949
0.674068199841	0.480225988701
0.672985781991	0.481355932203
0.671653543307	0.481920903955
0.672182821119	0.481920903955
0.672941176471	0.484745762712
0.671618451916	0.485310734463
0.671083398285	0.486440677966
0.671595330739	0.487570621469
0.670278637771	0.489265536723
0.668465690054	0.489830508475
0.668206312548	0.490395480226
0.668711656442	0.492655367232
0.667941851568	0.493220338983
0.666666666667	0.493785310734
0.667427701674	0.495480225989
0.666413949962	0.496610169492
0.667170953101	0.498305084746
0.667422524565	0.498870056497
0.66742081448	0.5
0.667918858002	0.502259887006
0.666167664671	0.502824858757
0.668168168168	0.502824858757
0.666417352281	0.503389830508
0.666666666667	0.50395480226
0.666915052161	0.505649717514
0.667163067759	0.506214689266
0.666914498141	0.506779661017
0.667161961367	0.507344632768
0.663716814159	0.508474576271
0.665680473373	0.508474576271
0.667160859896	0.508474576271
0.664212076583	0.509604519774
0.663729809104	0.510734463277
0.6642228739	0.51186440678
0.663011695906	0.512429378531
0.662536443149	0.513559322034
0.661818181818	0.514124293785
0.661348803481	0.515254237288
0.661605206074	0.516949152542
0.660418168709	0.517514124294
0.660431654676	0.518644067797
0.660201149425	0.519209039548
0.660215053763	0.520338983051
0.658101356174	0.520903954802
0.659513590844	0.520903954802
0.657651245552	0.522033898305
0.657670454545	0.523163841808
0.656050955414	0.523728813559
0.657021877205	0.525988700565
0.654035087719	0.526553672316
0.656800563777	0.526553672316
0.653361344538	0.527118644068
0.654088050314	0.528813559322
0.653872993719	0.529378531073
0.653203342618	0.529943502825
0.650727650728	0.530508474576
0.651630811936	0.530508474576
0.650519031142	0.531073446328
0.650310988252	0.531638418079
0.651034482759	0.533333333333
0.651066758431	0.534463276836
0.651098901099	0.535593220339
0.650445510624	0.53615819209
0.650924024641	0.537288135593
0.651162790698	0.537853107345
0.650750341064	0.538983050847
0.651194539249	0.538983050847
0.64789687924	0.539548022599
0.650544959128	0.539548022599
0.64837398374	0.540677966102
0.647734956051	0.541242937853
0.64709851552	0.541807909605
0.647336480108	0.542372881356
0.646267652993	0.542937853107
0.646979865772	0.544632768362
0.64462257849	0.545197740113
0.646349631614	0.545197740113
0.644429619746	0.545762711864
0.644237175217	0.546327683616
0.644281914894	0.547457627119
0.644090305445	0.54802259887
0.643046357616	0.548587570621
0.643899204244	0.548587570621
0.643282594308	0.549152542373
0.640974967062	0.549717514124
0.642244224422	0.549717514124
0.641447368421	0.550847457627
0.642388451444	0.553107344633
0.642857142857	0.554237288136
0.639322916667	0.554802259887
0.639739413681	0.554802259887
0.640992167102	0.554802259887
0.642670157068	0.554802259887
0.639141742523	0.555367231638
0.639195327709	0.556497175141
0.639248704663	0.557627118644
0.63536977492	0.558192090395
0.636597938144	0.558192090395
0.638655462185	0.558192090395
0.639068564036	0.558192090395
0.635604113111	0.558757062147
0.636305323926	0.560451977401
0.636771300448	0.561581920904
0.636596289187	0.562146892655
0.636828644501	0.562711864407
0.637523931078	0.564406779661
0.637755102041	0.564971751412
0.636999364272	0.566101694915
0.637055837563	0.567231638418
0.636306135357	0.568361581921
0.637515842839	0.568361581921
0.636133922931	0.568926553672
0.636191677175	0.570056497175
0.636420919975	0.570621468927
0.633061991234	0.571186440678
0.634651600753	0.571186440678
0.636249213342	0.571186440678
0.633291614518	0.571751412429
0.632729544035	0.572316384181
0.63216957606	0.572881355932
0.63200498132	0.573446327684
0.632462686567	0.574576271186
0.631905648665	0.575141242938
0.631578947368	0.576271186441
0.632034632035	0.577401129944
0.628378378378	0.577966101695
0.628764597419	0.577966101695
0.629926108374	0.577966101695
0.631481481481	0.577966101695
0.627450980392	0.578531073446
0.62752293578	0.579661016949
0.627906976744	0.579661016949
0.627367135003	0.580225988701
0.627056672761	0.581355932203
0.627283800244	0.581920903955
0.626747720365	0.582485875706
0.627128953771	0.582485875706
0.623564954683	0.583050847458
0.623941958888	0.583050847458
0.626213592233	0.583050847458
0.626974483597	0.583050847458
0.624246079614	0.584745762712
0.624698795181	0.585875706215
0.624173180998	0.586440677966
0.622155688623	0.587005649718
0.623275344931	0.587005649718
0.622009569378	0.587570621469
0.622461170848	0.588700564972
0.6223150358	0.589265536723
0.619584569733	0.589830508475
0.620689655172	0.589830508475
0.622169249106	0.589830508475
0.619442797866	0.590395480226
0.619668246445	0.590960451977
0.618063754427	0.591525423729
0.619526627219	0.591525423729
0.617058823529	0.592655367232
0.618149675899	0.592655367232
0.617733411627	0.594350282486
0.617595307918	0.594915254237
0.617457527827	0.595480225989
0.616598480421	0.59604519774
0.617681498829	0.59604519774
0.61646234676	0.596610169492
0.615608619685	0.597175141243
0.616326530612	0.597175141243
0.61511627907	0.597740112994
0.614269141531	0.598305084746
0.614492753623	0.598870056497
0.61400462963	0.599435028249
0.61387283237	0.6
0.613964223889	0.601129943503
0.614409221902	0.602259887006
0.614631336406	0.602824858757
0.613440551407	0.603389830508
0.614499424626	0.603389830508
0.612478534631	0.604519774011
0.613180515759	0.604519774011
0.610256410256	0.605084745763
0.611301369863	0.605084745763
0.610130904952	0.605649717514
0.610478359909	0.605649717514
0.604389420371	0.606779661017
0.60472972973	0.606779661017
0.605411499436	0.606779661017
0.607122668174	0.606779661017
0.608154020385	0.606779661017
0.608843537415	0.606779661017
0.610227272727	0.606779661017
0.60461192351	0.607344632768
0.605056179775	0.608474576271
0.604598990466	0.609039548023
0.604938271605	0.609039548023
0.605042016807	0.610169491525
0.605704697987	0.61186440678
0.605586592179	0.612429378531
0.605806811837	0.612994350282
0.605013927577	0.613559322034
0.603888888889	0.614124293785
0.60489705064	0.614124293785
0.603773584906	0.614689265537
0.601213458356	0.61581920904
0.601545253863	0.61581920904
0.602542841349	0.61581920904
0.6032097399	0.61581920904
0.600990643919	0.616949152542
0.601652892562	0.616949152542
0.597594313833	0.617514124294
0.598576122673	0.617514124294
0.59923245614	0.617514124294
0.600219659528	0.617514124294
0.597381342062	0.618644067797
0.596519847743	0.619774011299
0.596844396083	0.619774011299
0.596091205212	0.620338983051
0.594375338021	0.620903954802
0.595018949648	0.620903954802
0.59566395664	0.620903954802
0.592672413793	0.621468926554
0.594594594595	0.621468926554
0.590665236052	0.622033898305
0.591617409995	0.622033898305
0.592253899946	0.622033898305
0.592572658773	0.622033898305
0.591103965702	0.623163841808
0.590374331551	0.623728813559
0.591006423983	0.623728813559
0.589647812166	0.624293785311
0.590277777778	0.624293785311
0.587360594796	0.624858757062
0.587672688629	0.624858757062
0.588610963278	0.624858757062
0.588924387646	0.624858757062
0.587267904509	0.625423728814
0.587175410705	0.625988700565
0.587394067797	0.626553672316
0.587519830777	0.627683615819
0.586497890295	0.628248587571
0.587737843552	0.628248587571
0.586715867159	0.628813559322
0.586933614331	0.629378531073
0.587368421053	0.630508474576
0.587276550999	0.631073446328
0.587493431424	0.631638418079
