Precision	Recall
1.0	0.0
1.0	0.00114942528736
1.0	0.00172413793103
1.0	0.00229885057471
0.714285714286	0.00287356321839
0.6	0.00344827586207
0.583333333333	0.00402298850575
0.533333333333	0.00459770114943
0.5625	0.0051724137931
0.555555555556	0.00574712643678
0.52380952381	0.00632183908046
0.545454545455	0.00689655172414
0.583333333333	0.00804597701149
0.576923076923	0.00862068965517
0.551724137931	0.00919540229885
0.515151515152	0.00977011494253
0.5	0.0103448275862
0.487179487179	0.0109195402299
0.487804878049	0.0114942528736
0.488372093023	0.0120689655172
0.488888888889	0.0126436781609
0.489361702128	0.0132183908046
0.489795918367	0.0137931034483
0.490196078431	0.014367816092
0.5	0.0155172413793
0.509090909091	0.016091954023
0.508474576271	0.0172413793103
0.516666666667	0.017816091954
0.516129032258	0.0183908045977
0.52380952381	0.0189655172414
0.537313432836	0.0206896551724
0.528571428571	0.0212643678161
0.535211267606	0.0218390804598
0.527027027027	0.0224137931034
0.519480519481	0.0229885057471
0.518987341772	0.0235632183908
0.518518518519	0.0241379310345
0.524390243902	0.0247126436782
0.530120481928	0.0252873563218
0.523255813953	0.0258620689655
0.528735632184	0.0264367816092
0.527472527473	0.0275862068966
0.52688172043	0.0281609195402
0.526315789474	0.0287356321839
0.520408163265	0.0293103448276
0.52	0.0298850574713
0.519230769231	0.0310344827586
0.504587155963	0.0316091954023
0.509090909091	0.032183908046
0.513513513514	0.0327586206897
0.517857142857	0.0333333333333
0.508620689655	0.033908045977
0.512820512821	0.0344827586207
0.508333333333	0.0350574712644
0.50406504065	0.035632183908
0.507936507937	0.0367816091954
0.511811023622	0.0373563218391
0.511627906977	0.0379310344828
0.507575757576	0.0385057471264
0.507462686567	0.0390804597701
0.496453900709	0.0402298850575
0.503496503497	0.0413793103448
0.496644295302	0.0425287356322
0.480769230769	0.0431034482759
0.487341772152	0.0442528735632
0.49375	0.0454022988506
0.493827160494	0.0459770114943
0.496932515337	0.0465517241379
0.493975903614	0.0471264367816
0.491228070175	0.048275862069
0.497041420118	0.048275862069
0.494186046512	0.0488505747126
0.494318181818	0.05
0.491620111732	0.0505747126437
0.494444444444	0.0511494252874
0.491803278689	0.051724137931
0.494623655914	0.0528735632184
0.497326203209	0.0534482758621
0.5	0.0540229885057
0.502645502646	0.0545977011494
0.5	0.0551724137931
0.505154639175	0.0563218390805
0.502538071066	0.0568965517241
0.5	0.0574712643678
0.50495049505	0.0586206896552
0.507389162562	0.0591954022989
0.507317073171	0.0597701149425
0.509615384615	0.0609195402299
0.511961722488	0.0614942528736
0.511848341232	0.0620689655172
0.50462962963	0.0626436781609
0.502283105023	0.0632183908046
0.497757847534	0.0637931034483
0.493392070485	0.064367816092
0.493449781659	0.0649425287356
0.497835497835	0.066091954023
0.504273504274	0.067816091954
0.510548523207	0.0695402298851
0.514522821577	0.0712643678161
0.512295081967	0.0718390804598
0.512195121951	0.0724137931034
0.508	0.0729885057471
0.509881422925	0.0741379310345
0.513725490196	0.0752873563218
0.511538461538	0.0764367816092
0.511363636364	0.0775862068966
0.515037593985	0.0787356321839
0.516728624535	0.0798850574713
0.518518518519	0.0804597701149
0.52380952381	0.082183908046
0.530465949821	0.0850574712644
0.528368794326	0.085632183908
0.524475524476	0.0862068965517
0.522336769759	0.0873563218391
0.525423728814	0.0890804597701
0.52508361204	0.0902298850575
0.524752475248	0.0913793103448
0.525974025974	0.0931034482759
0.525806451613	0.0936781609195
0.528846153846	0.0948275862069
0.530158730159	0.0959770114943
0.528301886792	0.0965517241379
0.526479750779	0.0971264367816
0.527950310559	0.0977011494253
0.526153846154	0.098275862069
0.525835866261	0.0994252873563
0.527272727273	0.1
0.525525525526	0.100574712644
0.529761904762	0.102298850575
0.532544378698	0.103448275862
0.531976744186	0.105172413793
0.534682080925	0.10632183908
0.532763532764	0.107471264368
0.532212885154	0.109195402299
0.529085872576	0.109770114943
0.527472527473	0.110344827586
0.525885558583	0.11091954023
0.524324324324	0.111494252874
0.521390374332	0.112068965517
0.521276595745	0.112643678161
0.521164021164	0.113218390805
0.523684210526	0.114367816092
0.524804177546	0.115517241379
0.524547803618	0.116666666667
0.520304568528	0.117816091954
0.522613065327	0.119540229885
0.519900497512	0.120114942529
0.519801980198	0.120689655172
0.518427518428	0.121264367816
0.520581113801	0.123563218391
0.520481927711	0.124137931034
0.520190023753	0.125862068966
0.518779342723	0.127011494253
0.518691588785	0.127586206897
0.518518518519	0.128735632184
0.520737327189	0.129885057471
0.518264840183	0.130459770115
0.519274376417	0.131609195402
0.522522522523	0.133333333333
0.523385300668	0.135057471264
0.525498891353	0.136206896552
0.527472527473	0.137931034483
0.527352297593	0.138505747126
0.528384279476	0.13908045977
0.530434782609	0.140229885057
0.528017241379	0.140804597701
0.526766595289	0.141379310345
0.528784648188	0.142528735632
0.528541226216	0.14367816092
0.530398322851	0.145402298851
0.530271398747	0.145977011494
0.527950310559	0.146551724138
0.526639344262	0.147701149425
0.526530612245	0.148275862069
0.524193548387	0.149425287356
0.51888667992	0.15
0.520710059172	0.151724137931
0.520628683694	0.152298850575
0.522504892368	0.153448275862
0.518375241779	0.154022988506
0.51724137931	0.155172413793
0.517175572519	0.155747126437
0.513157894737	0.156896551724
0.511152416357	0.158045977011
0.509225092251	0.158620689655
0.510989010989	0.160344827586
0.512773722628	0.161494252874
0.512635379061	0.163218390805
0.508896797153	0.164367816092
0.509734513274	0.165517241379
0.508771929825	0.166666666667
0.51048951049	0.167816091954
0.510416666667	0.168965517241
0.511187607573	0.170689655172
0.511111111111	0.17183908046
0.510169491525	0.172988505747
0.510135135135	0.173563218391
0.510924369748	0.174712643678
0.510851419032	0.175862068966
0.51081530782	0.176436781609
0.510779436153	0.177011494253
0.511513157895	0.178735632184
0.513071895425	0.180459770115
0.512987012987	0.181609195402
0.514563106796	0.18275862069
0.515297906602	0.183908045977
0.514423076923	0.184482758621
0.515151515152	0.185632183908
0.515055467512	0.186781609195
0.513385826772	0.187356321839
0.511737089202	0.187931034483
0.51246105919	0.18908045977
0.513219284603	0.189655172414
0.512383900929	0.190229885057
0.512307692308	0.191379310345
0.513016845329	0.192528735632
0.512121212121	0.194252873563
0.512820512821	0.195402298851
0.511244377811	0.195977011494
0.509687034277	0.196551724138
0.509658246657	0.197126436782
0.509601181684	0.198275862069
0.510294117647	0.199425287356
0.509489051095	0.200574712644
0.510917030568	0.201724137931
0.512336719884	0.202873563218
0.511560693642	0.203448275862
0.510057471264	0.204022988506
0.51	0.205172413793
0.511363636364	0.206896551724
0.507713884993	0.208045977011
0.507670850767	0.209195402299
0.509722222222	0.21091954023
0.508965517241	0.212068965517
0.50894085282	0.212643678161
0.508196721311	0.213793103448
0.507482993197	0.214367816092
0.507422402159	0.216091954023
0.505361930295	0.216666666667
0.504	0.21724137931
0.505976095618	0.218965517241
0.506631299735	0.219540229885
0.507915567282	0.221264367816
0.507208387942	0.222413793103
0.508541392904	0.222413793103
0.507832898172	0.223563218391
0.507152145644	0.224137931034
0.50645994832	0.225287356322
0.506443298969	0.225862068966
0.507692307692	0.227586206897
0.506988564168	0.229310344828
0.506329113924	0.229885057471
0.507556675063	0.231609195402
0.508793969849	0.23275862069
0.50875	0.233908045977
0.507462686567	0.234482758621
0.508684863524	0.235632183908
0.508641975309	0.236781609195
0.509828009828	0.238505747126
0.509803921569	0.23908045977
0.511002444988	0.240229885057
0.512789281364	0.241954022989
0.513317191283	0.24367816092
0.512665862485	0.244252873563
0.514423076923	0.245977011494
0.513706793802	0.247701149425
0.514863258026	0.248850574713
0.515439429929	0.249425287356
0.514757969303	0.250574712644
0.517038777908	0.252873563218
0.518735362998	0.254597701149
0.519253208868	0.255747126437
0.51976744186	0.256896551724
0.519675925926	0.258045977011
0.519585253456	0.259195402299
0.518943742824	0.259770114943
0.518306636156	0.260344827586
0.51708428246	0.26091954023
0.518181818182	0.262068965517
0.515801354402	0.262643678161
0.51634723788	0.263218390805
0.516273849607	0.264367816092
0.517279821628	0.266666666667
0.516093229745	0.26724137931
0.51766004415	0.269540229885
0.518151815182	0.270689655172
0.518599562363	0.272413793103
0.513513513514	0.272988505747
0.516304347826	0.272988505747
0.512931034483	0.273563218391
0.513426423201	0.274712643678
0.514438502674	0.276436781609
0.513312034079	0.277011494253
0.512738853503	0.277586206897
0.511627906977	0.27816091954
0.511041009464	0.279310344828
0.510994764398	0.280459770115
0.5098855359	0.281609195402
0.510880829016	0.283333333333
0.510309278351	0.284482758621
0.510791366906	0.285632183908
0.512794268168	0.287931034483
0.512742099898	0.28908045977
0.512195121951	0.289655172414
0.513131313131	0.291954022989
0.513052208835	0.29367816092
0.513	0.294827586207
0.512437810945	0.295977011494
0.512413108242	0.296551724138
0.513861386139	0.298275862069
0.514822134387	0.299425287356
0.515240904621	0.301149425287
0.515181194907	0.302298850575
0.5166015625	0.304022988506
0.516034985423	0.305172413793
0.515972894482	0.30632183908
0.515911282546	0.307471264368
0.515325670498	0.309195402299
0.513796384396	0.310344827586
0.514775977121	0.310344827586
0.510838831291	0.311494252874
0.50936329588	0.312643678161
0.508395522388	0.313218390805
0.507892293408	0.314367816092
0.507877664504	0.314942528736
0.507393715342	0.315517241379
0.506445672192	0.316091954023
0.507352941176	0.31724137931
0.508226691042	0.319540229885
0.507285974499	0.320114942529
0.506799637353	0.321264367816
0.507678410117	0.322988505747
0.507664562669	0.323563218391
0.508078994614	0.325287356322
0.507609668756	0.325862068966
0.507582515611	0.327011494253
0.505319148936	0.327586206897
0.506619593998	0.329885057471
0.506596306069	0.331034482759
0.506140350877	0.331609195402
0.507436570429	0.333333333333
0.507853403141	0.334482758621
0.506956521739	0.335057471264
0.506493506494	0.336206896552
0.506896551724	0.337931034483
0.506003430532	0.33908045977
0.505128205128	0.339655172414
0.505513146735	0.342528735632
0.505942275042	0.342528735632
0.505922165821	0.34367816092
0.505902192243	0.344827586207
0.506318449874	0.345402298851
0.505862646566	0.347126436782
0.505412156536	0.348850574713
0.50622406639	0.350574712644
0.507450331126	0.352298850575
0.508670520231	0.354022988506
0.506568144499	0.354597701149
0.507780507781	0.35632183908
0.507742461288	0.358045977011
0.507717303006	0.359195402299
0.506860371267	0.36091954023
0.506430868167	0.362068965517
0.506004803843	0.363218390805
0.505957108817	0.366091954023
0.505928853755	0.367816091954
0.505520504732	0.368390804598
0.50591949487	0.368390804598
0.506687647522	0.370114942529
0.505873140172	0.371264367816
0.50699844479	0.374712643678
0.506573859242	0.376436781609
0.50732459522	0.37816091954
0.506523407521	0.379310344828
0.507692307692	0.379310344828
0.505738332058	0.379885057471
0.506870229008	0.381609195402
0.507984790875	0.383908045977
0.508333333333	0.385632183908
0.507936507937	0.386206896552
0.507148231753	0.387356321839
0.506376594149	0.387931034483
0.507105459985	0.389655172414
0.50671641791	0.390229885057
0.507073715562	0.391379310345
0.507418397626	0.393103448276
0.507021433851	0.394252873563
0.507737656595	0.395977011494
0.506227106227	0.397126436782
0.506939371804	0.398850574713
0.507636363636	0.401149425287
0.508327299059	0.403448275862
0.509012256669	0.405747126437
0.508999280058	0.40632183908
0.508620689655	0.406896551724
0.508571428571	0.409195402299
0.510320284698	0.412068965517
0.509567682495	0.413218390805
0.50808151792	0.415517241379
0.51023288638	0.415517241379
0.50700280112	0.416091954023
0.506993006993	0.416666666667
0.506258692629	0.418390804598
0.506592643997	0.419540229885
0.506574394464	0.420689655172
0.506896551724	0.422413793103
0.506181318681	0.423563218391
0.506520247083	0.424137931034
0.50683994528	0.425862068966
0.506802721088	0.42816091954
0.506784260516	0.429310344828
0.506423258959	0.430459770115
0.505731625084	0.431034482759
0.506064690027	0.431609195402
0.506380120887	0.433333333333
0.507032819826	0.435057471264
0.507352941176	0.436206896552
0.507661558961	0.437931034483
0.506976744186	0.438505747126
0.508283631544	0.440804597701
0.507926023778	0.441954022989
0.508239947264	0.443103448276
0.508530183727	0.445402298851
0.508175277959	0.446551724138
0.507822685789	0.447701149425
0.508441558442	0.45
0.508737864078	0.451724137931
0.509360877986	0.453448275862
0.510624597553	0.455747126437
0.508322663252	0.45632183908
0.507987220447	0.456896551724
0.507623888183	0.459195402299
0.508560558022	0.46091954023
0.508849557522	0.462643678161
0.509125235997	0.464942528736
0.509410288582	0.466666666667
0.508728179551	0.468965517241
0.509633312617	0.471264367816
0.509293680297	0.472413793103
0.509585652443	0.473563218391
0.50924784217	0.474712643678
0.509213759214	0.476436781609
0.509803921569	0.47816091954
0.510378510379	0.480459770115
0.510054844607	0.481034482759
0.509720534629	0.482183908046
0.508782556027	0.48275862069
0.509365558912	0.484482758621
0.507821901324	0.485057471264
0.508098380324	0.486781609195
0.508982035928	0.488505747126
0.508363201912	0.48908045977
0.508030933968	0.490804597701
0.507117437722	0.491379310345
0.506209343584	0.491954022989
0.505300353357	0.493103448276
0.505868544601	0.495402298851
0.50644028103	0.497126436782
0.507305669199	0.498850574713
0.507593457944	0.499425287356
0.506697728596	0.5
0.506086956522	0.501724137931
0.506936416185	0.504022988506
0.506343713956	0.504597701149
0.506031016657	0.50632183908
0.506285714286	0.509195402299
0.506271379704	0.510344827586
0.505969300739	0.511494252874
0.506500847937	0.514942528736
0.505915492958	0.516091954023
0.505888951206	0.518390804598
0.505022321429	0.520114942529
0.505005561735	0.52183908046
0.504150525733	0.523563218391
0.503585217871	0.524712643678
0.504123144585	0.527011494253
0.504657534247	0.529310344828
0.504647348278	0.530459770115
0.505458515284	0.532183908046
0.505446623094	0.533333333333
0.50352303523	0.533908045977
0.502702702703	0.534482758621
0.501344809037	0.535632183908
0.502682403433	0.538505747126
0.502407704655	0.539655172414
0.503201707577	0.541954022989
0.503731343284	0.543103448276
0.503448275862	0.545402298851
0.502908514014	0.546551724138
0.50158061117	0.547126436782
0.502100840336	0.549425287356
0.501831501832	0.551149425287
0.501305483029	0.551724137931
0.501823866597	0.553448275862
0.502337662338	0.555747126437
0.500775995861	0.55632183908
0.501030927835	0.558620689655
0.501285347044	0.560344827586
0.501024590164	0.562068965517
0.50178662583	0.564942528736
0.501016260163	0.566666666667
0.501013171226	0.568390804598
0.501264542236	0.569540229885
0.501261988894	0.570689655172
0.501512096774	0.57183908046
0.50175967823	0.573563218391
0.501503006012	0.575287356322
0.502	0.577011494253
0.501743896363	0.578735632184
0.501988071571	0.580459770115
0.503465346535	0.584482758621
0.504446640316	0.586781609195
0.5039408867	0.587931034483
0.50442043222	0.590229885057
0.503667481663	0.591954022989
0.504148365056	0.59367816092
0.503649635036	0.594827586207
0.503153808831	0.595977011494
0.503635482307	0.597126436782
0.501928640309	0.598275862069
0.502655721873	0.598275862069
0.502403846154	0.600574712644
0.502879078695	0.602298850575
0.50286259542	0.605747126437
0.501425855513	0.60632183908
0.501423149905	0.607471264368
0.501895734597	0.608620689655
0.502367424242	0.609770114943
0.502123643228	0.611494252874
0.502824858757	0.613793103448
0.502583372475	0.614942528736
0.503274087933	0.618390804598
0.503731343284	0.620689655172
0.503024662634	0.621264367816
0.503483511379	0.622988505747
0.503937007874	0.625287356322
0.504396112911	0.626436781609
0.5036900369	0.627586206897
0.502991256328	0.62816091954
0.498862084661	0.629885057471
0.499091734787	0.631609195402
0.5	0.636781609195
0.499100719424	0.637931034483
0.49686940966	0.638505747126
0.496872207328	0.63908045977
0.496434937611	0.640229885057
0.496220542463	0.641379310345
0.496447602131	0.642528735632
0.496233938857	0.64367816092
0.49557913351	0.644252873563
0.496024734982	0.645402298851
0.49625055139	0.646551724138
0.494953927161	0.648275862069
0.494967177243	0.65
0.493461203139	0.650574712644
0.493681917211	0.651149425287
0.493263798349	0.652298850575
0.493720225206	0.655172413793
0.494163424125	0.656896551724
0.493747304873	0.658045977011
0.494406196213	0.660344827586
0.49441580756	0.661494252874
0.494642091727	0.663218390805
0.495295124038	0.665517241379
0.49424797614	0.666666666667
0.493837654059	0.667816091954
0.49300551081	0.668390804598
0.492600422833	0.669540229885
0.492833052277	0.67183908046
0.492650146997	0.674137931034
0.492680886658	0.677011494253
0.49125	0.677586206897
0.487633965375	0.679885057471
0.487274220033	0.682183908046
0.487725040917	0.685057471264
0.488182559087	0.688505747126
0.488825680618	0.691379310345
0.489465153971	0.694252873563
0.490299110752	0.697126436782
0.489121676068	0.697701149425
0.489943684634	0.7
0.490581162325	0.703448275862
0.490603758497	0.705172413793
0.490422984836	0.70632183908
0.490071485306	0.709195402299
0.490498812352	0.712068965517
0.490722463482	0.714367816092
0.491324921136	0.716091954023
0.491552062868	0.718965517241
0.491399530884	0.722413793103
0.491248541424	0.725862068966
0.490507555211	0.727586206897
0.49111969112	0.731034482759
0.490558766859	0.731609195402
0.490023023791	0.733908045977
0.488540870894	0.735057471264
0.489126287676	0.736781609195
0.487851176917	0.738505747126
