Precision	Recall
1.0	0.0
1.0	0.00114942528736
1.0	0.00172413793103
1.0	0.00229885057471
0.714285714286	0.00287356321839
0.6	0.00344827586207
0.583333333333	0.00402298850575
0.533333333333	0.00459770114943
0.5625	0.0051724137931
0.555555555556	0.00574712643678
0.52380952381	0.00632183908046
0.545454545455	0.00689655172414
0.583333333333	0.00804597701149
0.576923076923	0.00862068965517
0.551724137931	0.00919540229885
0.515151515152	0.00977011494253
0.527777777778	0.0109195402299
0.512820512821	0.0114942528736
0.512195121951	0.0120689655172
0.53488372093	0.0132183908046
0.533333333333	0.0137931034483
0.531914893617	0.014367816092
0.530612244898	0.0149425287356
0.529411764706	0.0155172413793
0.537037037037	0.0166666666667
0.545454545455	0.0172413793103
0.542372881356	0.0183908045977
0.55	0.0189655172414
0.548387096774	0.0195402298851
0.555555555556	0.0201149425287
0.582089552239	0.0224137931034
0.571428571429	0.0229885057471
0.577464788732	0.0235632183908
0.567567567568	0.0241379310345
0.558441558442	0.0247126436782
0.569620253165	0.0258620689655
0.567901234568	0.0264367816092
0.573170731707	0.0270114942529
0.578313253012	0.0275862068966
0.56976744186	0.0281609195402
0.574712643678	0.0287356321839
0.571428571429	0.0298850574713
0.58064516129	0.0310344827586
0.578947368421	0.0316091954023
0.581632653061	0.0327586206897
0.58	0.0333333333333
0.576923076923	0.0344827586207
0.559633027523	0.0350574712644
0.563636363636	0.035632183908
0.567567567568	0.0362068965517
0.571428571429	0.0367816091954
0.560344827586	0.0373563218391
0.564102564103	0.0379310344828
0.558333333333	0.0385057471264
0.552845528455	0.0390804597701
0.555555555556	0.0402298850575
0.55905511811	0.0408045977011
0.558139534884	0.0413793103448
0.55303030303	0.0419540229885
0.559701492537	0.0431034482759
0.54609929078	0.0442528735632
0.552447552448	0.0454022988506
0.543624161074	0.0465517241379
0.525641025641	0.0471264367816
0.53164556962	0.048275862069
0.5375	0.0494252873563
0.537037037037	0.05
0.539877300613	0.0505747126437
0.536144578313	0.0511494252874
0.538461538462	0.0522988505747
0.543859649123	0.0534482758621
0.546511627907	0.0540229885057
0.545454545455	0.0551724137931
0.541899441341	0.0557471264368
0.544444444444	0.0563218390805
0.540983606557	0.0568965517241
0.543010752688	0.0580459770115
0.545454545455	0.0586206896552
0.547872340426	0.0591954022989
0.550264550265	0.0597701149425
0.546875	0.0603448275862
0.551546391753	0.0614942528736
0.548223350254	0.0620689655172
0.545	0.0626436781609
0.549504950495	0.0637931034483
0.551724137931	0.064367816092
0.551219512195	0.0649425287356
0.557692307692	0.0666666666667
0.55980861244	0.0672413793103
0.559241706161	0.067816091954
0.555555555556	0.0689655172414
0.552511415525	0.0695402298851
0.547085201794	0.0701149425287
0.541850220264	0.0706896551724
0.541484716157	0.0712643678161
0.545454545455	0.0724137931034
0.551282051282	0.0741379310345
0.556962025316	0.0758620689655
0.560165975104	0.0775862068966
0.561475409836	0.0787356321839
0.560975609756	0.0793103448276
0.556	0.0798850574713
0.557312252964	0.0810344827586
0.560784313725	0.082183908046
0.557692307692	0.0833333333333
0.556818181818	0.0844827586207
0.56015037594	0.085632183908
0.565055762082	0.0873563218391
0.566666666667	0.0879310344828
0.571428571429	0.0896551724138
0.5770609319	0.0925287356322
0.574468085106	0.0931034482759
0.56993006993	0.0936781609195
0.567010309278	0.0948275862069
0.569491525424	0.0965517241379
0.56856187291	0.0977011494253
0.567656765677	0.0988505747126
0.568181818182	0.100574712644
0.567741935484	0.101149425287
0.570512820513	0.102298850575
0.571428571429	0.103448275862
0.569182389937	0.104022988506
0.566978193146	0.104597701149
0.568322981366	0.105172413793
0.572307692308	0.106896551724
0.574468085106	0.108620689655
0.575757575758	0.109195402299
0.573573573574	0.109770114943
0.577380952381	0.111494252874
0.579881656805	0.112643678161
0.578488372093	0.114367816092
0.580924855491	0.115517241379
0.578347578348	0.116666666667
0.577030812325	0.118390804598
0.573407202216	0.118965517241
0.571428571429	0.119540229885
0.569482288828	0.120114942529
0.567567567568	0.120689655172
0.566844919786	0.12183908046
0.566489361702	0.122413793103
0.566137566138	0.122988505747
0.568421052632	0.124137931034
0.569190600522	0.125287356322
0.571059431525	0.127011494253
0.565989847716	0.12816091954
0.570351758794	0.130459770115
0.567164179104	0.131034482759
0.566831683168	0.131609195402
0.567567567568	0.13275862069
0.569007263923	0.135057471264
0.568674698795	0.135632183908
0.567695961995	0.137356321839
0.565727699531	0.138505747126
0.567757009346	0.139655172414
0.56712962963	0.140804597701
0.569124423963	0.141954022989
0.566210045662	0.142528735632
0.569160997732	0.144252873563
0.572072072072	0.145977011494
0.572383073497	0.147701149425
0.574279379157	0.148850574713
0.578021978022	0.151149425287
0.577680525164	0.151724137931
0.578602620087	0.152298850575
0.580434782609	0.153448275862
0.57974137931	0.154597701149
0.578158458244	0.155172413793
0.579957356077	0.15632183908
0.579281183932	0.157471264368
0.582809224319	0.159770114943
0.582463465553	0.160344827586
0.579710144928	0.16091954023
0.579918032787	0.162643678161
0.579591836735	0.163218390805
0.578629032258	0.164942528736
0.572564612326	0.165517241379
0.575936883629	0.167816091954
0.575638506876	0.168390804598
0.577299412916	0.169540229885
0.57253384913	0.170114942529
0.570881226054	0.171264367816
0.570610687023	0.17183908046
0.565789473684	0.172988505747
0.563197026022	0.174137931034
0.560885608856	0.174712643678
0.562271062271	0.176436781609
0.563868613139	0.177586206897
0.563176895307	0.179310344828
0.55871886121	0.180459770115
0.559292035398	0.181609195402
0.557894736842	0.18275862069
0.559440559441	0.183908045977
0.559027777778	0.185057471264
0.559380378657	0.186781609195
0.558974358974	0.187931034483
0.557627118644	0.18908045977
0.557432432432	0.189655172414
0.557983193277	0.190804597701
0.560934891486	0.193103448276
0.562396006656	0.194252873563
0.562189054726	0.194827586207
0.5625	0.196551724138
0.563725490196	0.198275862069
0.563311688312	0.199425287356
0.564724919094	0.200574712644
0.566827697262	0.202298850575
0.565705128205	0.202873563218
0.566188197767	0.204022988506
0.56735340729	0.205747126437
0.565354330709	0.20632183908
0.56338028169	0.206896551724
0.563862928349	0.208045977011
0.564541213064	0.208620689655
0.56346749226	0.209195402299
0.564615384615	0.21091954023
0.566615620214	0.212643678161
0.566666666667	0.214942528736
0.56862745098	0.216666666667
0.568215892054	0.217816091954
0.566318926975	0.218390804598
0.566121842496	0.218965517241
0.567208271787	0.220689655172
0.569117647059	0.222413793103
0.567883211679	0.223563218391
0.569141193595	0.224712643678
0.570391872279	0.225862068966
0.570809248555	0.227011494253
0.57183908046	0.228735632184
0.571428571429	0.229885057471
0.572443181818	0.231609195402
0.568022440393	0.23275862069
0.569037656904	0.234482758621
0.570833333333	0.236206896552
0.569655172414	0.237356321839
0.569463548831	0.237931034483
0.568306010929	0.23908045977
0.567346938776	0.239655172414
0.566801619433	0.241379310345
0.564343163539	0.241954022989
0.564	0.243103448276
0.565737051793	0.244827586207
0.566312997347	0.245402298851
0.5672823219	0.247126436782
0.568988173456	0.248850574713
0.56880733945	0.249425287356
0.569190600522	0.250574712644
0.568270481144	0.251149425287
0.567183462532	0.252298850575
0.567010309278	0.252873563218
0.569230769231	0.255172413793
0.567979669632	0.256896551724
0.56835443038	0.258045977011
0.569269521411	0.259770114943
0.570351758794	0.26091954023
0.57	0.262068965517
0.570895522388	0.263793103448
0.571960297767	0.264942528736
0.572839506173	0.266666666667
0.574938574939	0.268965517241
0.574754901961	0.269540229885
0.575794621027	0.270689655172
0.577344701583	0.272413793103
0.577481840194	0.274137931034
0.576598311218	0.274712643678
0.578125	0.276436781609
0.576877234803	0.27816091954
0.577883472057	0.279310344828
0.5783847981	0.279885057471
0.57733175915	0.281034482759
0.579318448884	0.283333333333
0.580796252927	0.285057471264
0.581096849475	0.286206896552
0.581395348837	0.287356321839
0.581018518519	0.288505747126
0.58064516129	0.289655172414
0.579793340987	0.290229885057
0.580091533181	0.291379310345
0.578587699317	0.291954022989
0.579545454545	0.293103448276
0.576749435666	0.29367816092
0.577226606539	0.294252873563
0.578002244669	0.295977011494
0.579710144928	0.298850574713
0.57935627081	0.3
0.580573951435	0.302298850575
0.58195819582	0.304022988506
0.582056892779	0.305747126437
0.579347826087	0.30632183908
0.577297297297	0.306896551724
0.57650862069	0.307471264368
0.576799140709	0.308620689655
0.577540106952	0.310344827586
0.576144834931	0.31091954023
0.575371549894	0.311494252874
0.57399577167	0.312068965517
0.574132492114	0.313793103448
0.573821989529	0.314942528736
0.57232049948	0.316091954023
0.573056994819	0.317816091954
0.572164948454	0.318965517241
0.572456320658	0.320114942529
0.574206755374	0.322413793103
0.573904179409	0.323563218391
0.573170731707	0.324137931034
0.573737373737	0.326436781609
0.573293172691	0.32816091954
0.573	0.329310344828
0.572139303483	0.330459770115
0.571996027805	0.331034482759
0.573267326733	0.33275862069
0.574110671937	0.333908045977
0.574237954769	0.335632183908
0.573947110676	0.336781609195
0.5751953125	0.338505747126
0.574344023324	0.339655172414
0.575024201355	0.341379310345
0.575699132112	0.343103448276
0.574712643678	0.344827586207
0.573879885605	0.345977011494
0.573739295909	0.346551724138
0.570216776626	0.347701149425
0.568352059925	0.348850574713
0.567164179104	0.349425287356
0.568245125348	0.351724137931
0.56811862836	0.352298850575
0.567467652495	0.352873563218
0.567219152855	0.354022988506
0.568014705882	0.355172413793
0.568555758684	0.357471264368
0.567395264117	0.358045977011
0.566636446056	0.359195402299
0.567299006323	0.36091954023
0.567177637511	0.361494252874
0.567324955117	0.363218390805
0.567591763653	0.364367816092
0.56913470116	0.366666666667
0.566489361702	0.36724137931
0.567519858782	0.369540229885
0.568161829376	0.371264367816
0.567543859649	0.37183908046
0.568678915136	0.373563218391
0.568935427574	0.374712643678
0.567826086957	0.375287356322
0.5670995671	0.376436781609
0.56724137931	0.37816091954
0.566037735849	0.379310344828
0.564957264957	0.379885057471
0.566213921902	0.383333333333
0.566581849025	0.383908045977
0.567681895093	0.385632183908
0.569139966273	0.387931034483
0.56950294861	0.388505747126
0.568676716918	0.390229885057
0.56786011657	0.391954022989
0.569294605809	0.394252873563
0.570364238411	0.395977011494
0.571428571429	0.397701149425
0.569786535304	0.398850574713
0.570843570844	0.400574712644
0.570497147514	0.402298850575
0.570268074736	0.403448275862
0.569007263923	0.405172413793
0.568327974277	0.40632183908
0.567654123299	0.407471264368
0.567911040508	0.41091954023
0.567588932806	0.412643678161
0.568271507498	0.413793103448
0.568611987382	0.414367816092
0.569630212431	0.416091954023
0.569303054033	0.417816091954
0.5699844479	0.421264367816
0.569218870843	0.422988505747
0.569776407093	0.424712643678
0.570769230769	0.426436781609
0.571757482732	0.42816091954
0.571537872992	0.429310344828
0.572519083969	0.431034482759
0.574144486692	0.433908045977
0.574242424242	0.435632183908
0.573696145125	0.436206896552
0.574868322047	0.43908045977
0.575393848462	0.440804597701
0.576664173523	0.443103448276
0.576119402985	0.44367816092
0.576321667908	0.444827586207
0.576409495549	0.446551724138
0.575757575758	0.447701149425
0.576271186441	0.449425287356
0.574358974359	0.450574712644
0.575602629657	0.452873563218
0.576	0.455172413793
0.577842143374	0.458620689655
0.578226387888	0.46091954023
0.5781137509	0.461494252874
0.577586206897	0.462068965517
0.577857142857	0.464942528736
0.579359430605	0.467816091954
0.578313253012	0.468965517241
0.578687367678	0.471264367816
0.5776528461	0.472413793103
0.576330532213	0.472988505747
0.576223776224	0.473563218391
0.575104311544	0.475287356322
0.5759888966	0.477011494253
0.575778546713	0.47816091954
0.575862068966	0.479885057471
0.574862637363	0.481034482759
0.575154426905	0.481609195402
0.575239398085	0.483333333333
0.574829931973	0.485632183908
0.575983717775	0.487931034483
0.576741041244	0.490229885057
0.57720836143	0.491954022989
0.577493261456	0.492528735632
0.577568838146	0.494252873563
0.578030810449	0.495977011494
0.578877005348	0.497701149425
0.579613590939	0.5
0.58073089701	0.502298850575
0.581842279655	0.504597701149
0.581241743725	0.505747126437
0.582069874753	0.507471264368
0.582020997375	0.509770114943
0.581425768476	0.51091954023
0.580834419817	0.512068965517
0.581168831169	0.514367816092
0.581877022654	0.516666666667
0.582956746288	0.518965517241
0.58403090792	0.521264367816
0.581946222791	0.522413793103
0.581469648562	0.522988505747
0.581956797967	0.526436781609
0.582752060875	0.52816091954
0.582806573957	0.529885057471
0.583385777218	0.53275862069
0.58469259724	0.535632183908
0.584164588529	0.538505747126
0.585456805469	0.541379310345
0.586741016109	0.544252873563
0.586889301175	0.545402298851
0.588162762022	0.548275862069
0.589066339066	0.551149425287
0.590073529412	0.553448275862
0.590354090354	0.555747126437
0.589884216941	0.55632183908
0.589307411908	0.557471264368
0.588128407026	0.558045977011
0.588519637462	0.559770114943
0.586642599278	0.560344827586
0.586682663467	0.562068965517
0.587425149701	0.563793103448
0.587813620072	0.565517241379
0.587150505651	0.56724137931
0.5871886121	0.568965517241
0.586635127144	0.570114942529
0.586572438163	0.572413793103
0.586854460094	0.574712643678
0.587236533958	0.576436781609
0.58796025716	0.57816091954
0.588200934579	0.578735632184
0.587652882935	0.579885057471
0.587246376812	0.582183908046
0.587861271676	0.584482758621
0.58708189158	0.585057471264
0.586444572085	0.586781609195
0.586285714286	0.589655172414
0.586088939567	0.590804597701
0.58555997726	0.591954022989
0.587337478802	0.597126436782
0.586478873239	0.598275862069
0.587212563096	0.601724137931
0.5859375	0.603448275862
0.585650723026	0.605172413793
0.585500830105	0.608045977011
0.584666298952	0.609195402299
0.58493677845	0.611494252874
0.585753424658	0.614367816092
0.585565882996	0.615517241379
0.586244541485	0.61724137931
0.58660130719	0.618965517241
0.584281842818	0.619540229885
0.583243243243	0.620114942529
0.581495427649	0.621264367816
0.582618025751	0.624137931034
0.582129481006	0.625287356322
0.583244397012	0.62816091954
0.58368869936	0.629310344828
0.583023872679	0.631609195402
0.582760444209	0.633333333333
0.582191780822	0.635057471264
0.582457983193	0.637356321839
0.583464154893	0.640804597701
0.582767624021	0.641379310345
0.5836373111	0.64367816092
0.583896103896	0.645977011494
0.581996896017	0.646551724138
0.582474226804	0.649425287356
0.583033419023	0.651724137931
0.582479508197	0.653448275862
0.583971413987	0.657471264368
0.582825203252	0.659195402299
0.584093211753	0.662643678161
0.584218512898	0.663793103448
0.585058051489	0.666091954023
0.585685483871	0.667816091954
0.586726998492	0.670689655172
0.586673346693	0.672988505747
0.587	0.674712643678
0.586447433981	0.676436781609
0.586978131213	0.678735632184
0.588118811881	0.68275862069
0.588932806324	0.685057471264
0.588177339901	0.686206896552
0.588408644401	0.688505747126
0.58728606357	0.690229885057
0.587603709126	0.691954022989
0.588321167883	0.694827586207
0.587578845221	0.695977011494
0.587978671837	0.697126436782
0.58667310478	0.698275862069
0.587270973963	0.7
0.588461538462	0.703448275862
0.589251439539	0.705747126437
0.588740458015	0.709195402299
0.586977186312	0.709770114943
0.586812144213	0.71091954023
0.587203791469	0.712068965517
0.58759469697	0.713218390805
0.588957055215	0.71724137931
0.589924670433	0.720114942529
0.589478628464	0.721264367816
0.591206735267	0.726436781609
0.591417910448	0.728735632184
0.590507212657	0.729310344828
0.590803529958	0.731034482759
0.591014358499	0.733333333333
0.59139287367	0.734482758621
0.590867158672	0.736206896552
0.58996778647	0.736781609195
0.584888484297	0.738505747126
0.584922797457	0.740229885057
0.585288808664	0.745402298851
0.584082733813	0.746551724138
0.581395348837	0.747126436782
0.581322609473	0.747701149425
0.580659536542	0.748850574713
0.580257892397	0.75
0.58081705151	0.751724137931
0.580859548073	0.753448275862
0.580017683466	0.754022988506
0.58038869258	0.755172413793
0.580943978827	0.756896551724
0.579201404125	0.758620689655
0.578993435449	0.760344827586
0.578029642546	0.762068965517
0.578213507625	0.762643678161
0.577574967405	0.763793103448
0.578172368991	0.76724137931
0.578901859058	0.769540229885
0.578697714532	0.771264367816
0.57917383821	0.773563218391
0.579037800687	0.774712643678
0.579511358766	0.777011494253
0.580410607357	0.779885057471
0.579037068598	0.781034482759
0.578835529112	0.78275862069
0.578211106401	0.783908045977
0.577589852008	0.785057471264
0.577571669477	0.787356321839
0.577068458631	0.789655172414
0.577582601422	0.79367816092
0.57625	0.794827586207
0.572135201979	0.797701149425
0.571428571429	0.8
0.571603927987	0.802873563218
0.571719641402	0.80632183908
0.572531491264	0.809770114943
0.573338735818	0.813218390805
0.574373484236	0.816666666667
0.572925060435	0.81724137931
0.573612228479	0.819540229885
0.575150300601	0.824712643678
0.576169532187	0.82816091954
0.577015163607	0.831034482759
0.576250992851	0.833908045977
0.576405384006	0.836781609195
0.576786419266	0.839655172414
0.577287066246	0.841379310345
0.57721021611	0.844252873563
0.578577013292	0.850574712644
0.577985219759	0.854022988506
0.576908175126	0.855747126437
0.577606177606	0.859770114943
0.578420038536	0.862643678161
0.577513430545	0.864942528736
0.577158135982	0.868390804598
0.577642121328	0.870114942529
0.575930144267	0.87183908046
