Precision	Recall
1.0	0.0
1.0	0.00133511348465
1.0	0.00267022696929
0.6	0.00400534045394
0.75	0.00400534045394
1.0	0.00400534045394
0.666666666667	0.00534045393858
0.714285714286	0.00667556742323
0.666666666667	0.00801068090788
0.75	0.00801068090788
0.7	0.00934579439252
0.727272727273	0.0106809078772
0.75	0.0120160213618
0.769230769231	0.0133511348465
0.785714285714	0.0146862483311
0.705882352941	0.0160213618158
0.75	0.0160213618158
0.8	0.0160213618158
0.722222222222	0.0173564753004
0.736842105263	0.018691588785
0.75	0.0200267022697
0.761904761905	0.0213618157543
0.772727272727	0.022696929239
0.782608695652	0.0240320427236
0.791666666667	0.0253671562083
0.8	0.0267022696929
0.807692307692	0.0280373831776
0.814814814815	0.0293724966622
0.766666666667	0.0307076101469
0.793103448276	0.0307076101469
0.821428571429	0.0307076101469
0.774193548387	0.0320427236315
0.787878787879	0.0347129506008
0.777777777778	0.0373831775701
0.783783783784	0.0387182910547
0.789473684211	0.0400534045394
0.794871794872	0.041388518024
0.8	0.0427236315087
0.80487804878	0.0440587449933
0.809523809524	0.045393858478
0.813953488372	0.0467289719626
0.818181818182	0.0480640854473
0.822222222222	0.0493991989319
0.826086956522	0.0507343124166
0.829787234043	0.0520694259012
0.816326530612	0.0534045393858
0.833333333333	0.0534045393858
0.82	0.0547396528705
0.807692307692	0.0560747663551
0.823529411765	0.0560747663551
0.811320754717	0.0574098798398
0.814814814815	0.0587449933244
0.818181818182	0.0600801068091
0.821428571429	0.0614152202937
0.824561403509	0.0627503337784
0.827586206897	0.064085447263
0.830508474576	0.0654205607477
0.819672131148	0.0667556742323
0.833333333333	0.0667556742323
0.784615384615	0.068090787717
0.796875	0.068090787717
0.809523809524	0.068090787717
0.822580645161	0.068090787717
0.791044776119	0.0707610146862
0.794117647059	0.0720961281709
0.797101449275	0.0734312416555
0.8	0.0747663551402
0.791666666667	0.0761014686248
0.794520547945	0.0774365821095
0.786666666667	0.0787716955941
0.797297297297	0.0787716955941
0.789473684211	0.0801068090788
0.792207792208	0.0814419225634
0.784810126582	0.0827770360481
0.794871794872	0.0827770360481
0.7875	0.0841121495327
0.785714285714	0.0881174899866
0.788235294118	0.0894526034713
0.781609195402	0.0907877169559
0.790697674419	0.0907877169559
0.769230769231	0.0934579439252
0.771739130435	0.0947930574099
0.774193548387	0.0961281708945
0.778947368421	0.0987983978638
0.773195876289	0.100133511348
0.767676767677	0.101468624833
0.775510204082	0.101468624833
0.766990291262	0.105473965287
0.774509803922	0.105473965287
0.747663551402	0.106809078772
0.754716981132	0.106809078772
0.761904761905	0.106809078772
0.769230769231	0.106809078772
0.75	0.108144192256
0.745454545455	0.109479305741
0.752293577982	0.109479305741
0.747747747748	0.110814419226
0.75	0.11214953271
0.752212389381	0.113484646195
0.747826086957	0.11481975968
0.75	0.116154873164
0.752136752137	0.117489986649
0.754237288136	0.118825100134
0.758333333333	0.121495327103
0.760330578512	0.122830440587
0.762295081967	0.124165554072
0.764227642276	0.125500667557
0.766129032258	0.126835781041
0.768	0.128170894526
0.765151515152	0.134846461949
0.770992366412	0.134846461949
0.776923076923	0.134846461949
0.766917293233	0.136181575434
0.753623188406	0.138851802403
0.755395683453	0.140186915888
0.757142857143	0.141522029372
0.760563380282	0.144192256342
0.762237762238	0.145527369826
0.763888888889	0.146862483311
0.767123287671	0.14953271028
0.768707482993	0.150867823765
0.77027027027	0.15220293725
0.771812080537	0.153538050734
0.773333333333	0.154873164219
0.769736842105	0.156208277704
0.774834437086	0.156208277704
0.771241830065	0.157543391188
0.772727272727	0.158878504673
0.769230769231	0.160213618158
0.772151898734	0.162883845127
0.76875	0.164218958611
0.770186335404	0.165554072096
0.768292682927	0.168224299065
0.769696969697	0.16955941255
0.766467065868	0.170894526035
0.771084337349	0.170894526035
0.770588235294	0.174899866489
0.773255813953	0.177570093458
0.775862068966	0.180240320427
0.777142857143	0.181575433912
0.779661016949	0.184245660881
0.780898876404	0.185580774366
0.782122905028	0.18691588785
0.783333333333	0.188251001335
0.78453038674	0.18958611482
0.785714285714	0.190921228304
0.783783783784	0.193591455274
0.788043478261	0.193591455274
0.784946236559	0.194926568758
0.787234042553	0.197596795728
0.789473684211	0.200267022697
0.791666666667	0.202937249666
0.783251231527	0.212283044059
0.780487804878	0.213618157543
0.78431372549	0.213618157543
0.782608695652	0.216288384513
0.77990430622	0.217623497997
0.772093023256	0.221628838451
0.773148148148	0.222963951936
0.767123287671	0.224299065421
0.770642201835	0.224299065421
0.774193548387	0.224299065421
0.768181818182	0.225634178905
0.769230769231	0.22696929239
0.77130044843	0.229639519359
0.772321428571	0.230974632844
0.773333333333	0.232309746328
0.771929824561	0.234979973298
0.773913043478	0.237650200267
0.768240343348	0.238985313752
0.771551724138	0.238985313752
0.762711864407	0.240320427236
0.769230769231	0.240320427236
0.763713080169	0.241655540721
0.764705882353	0.242990654206
0.766666666667	0.245660881175
0.769230769231	0.253671562083
0.770161290323	0.255006675567
0.755905511811	0.256341789052
0.758893280632	0.256341789052
0.761904761905	0.256341789052
0.764940239044	0.256341789052
0.771084337349	0.256341789052
0.756862745098	0.257676902537
0.7578125	0.259012016021
0.758754863813	0.260347129506
0.752851711027	0.26435246996
0.753787878788	0.265687583445
0.755639097744	0.268357810414
0.756554307116	0.269692923899
0.757462686567	0.271028037383
0.757352941176	0.275033377837
0.760147601476	0.275033377837
0.755474452555	0.276368491322
0.757246376812	0.279038718291
0.749116607774	0.283044058745
0.751773049645	0.283044058745
0.747368421053	0.28437917223
0.75	0.28437917223
0.745644599303	0.285714285714
0.748251748252	0.285714285714
0.746527777778	0.287049399199
0.747404844291	0.288384512684
0.748275862069	0.289719626168
0.744897959184	0.292389853138
0.747440273038	0.292389853138
0.745762711864	0.293724966622
0.746621621622	0.295060080107
0.744966442953	0.296395193591
0.745819397993	0.297730307076
0.741721854305	0.299065420561
0.744186046512	0.299065420561
0.742574257426	0.300400534045
0.741324921136	0.313751668892
0.74213836478	0.315086782377
0.73602484472	0.316421895861
0.738317757009	0.316421895861
0.740625	0.316421895861
0.742946708464	0.316421895861
0.736842105263	0.317757009346
0.737654320988	0.31909212283
0.737003058104	0.3217623498
0.739263803681	0.3217623498
0.737804878049	0.323097463284
0.738601823708	0.324432576769
0.740963855422	0.328437917223
0.74251497006	0.331108144192
0.74780058651	0.340453938585
0.749271137026	0.343124165554
0.75	0.344459279039
0.747159090909	0.351134846462
0.745762711864	0.352469959947
0.747875354108	0.352469959947
0.747191011236	0.355140186916
0.743732590529	0.356475300401
0.745810055866	0.356475300401
0.747899159664	0.356475300401
0.745152354571	0.35914552737
0.730870712401	0.369826435247
0.732804232804	0.369826435247
0.73474801061	0.369826435247
0.729658792651	0.371161548732
0.731578947368	0.371161548732
0.724675324675	0.372496662216
0.725388601036	0.373831775701
0.726098191214	0.375166889186
0.726804123711	0.37650200267
0.727506426735	0.377837116155
0.728900255754	0.380507343124
0.725888324873	0.381842456609
0.727735368957	0.381842456609
0.726582278481	0.383177570093
0.725440806045	0.384512683578
0.727272727273	0.384512683578
0.72319201995	0.387182910547
0.716748768473	0.388518024032
0.720297029703	0.388518024032
0.722084367246	0.388518024032
0.717444717445	0.389853137517
0.718137254902	0.391188251001
0.718826405868	0.392523364486
0.719512195122	0.393858477971
0.720194647202	0.395193591455
0.719128329298	0.39652870494
0.720873786408	0.39652870494
0.719806763285	0.397863818425
0.71875	0.399198931909
0.720481927711	0.399198931909
0.719424460432	0.400534045394
0.72009569378	0.401869158879
0.72076372315	0.403204272363
0.719714964371	0.404539385848
0.721428571429	0.404539385848
0.720379146919	0.405874499332
0.721040189125	0.407209612817
0.722352941176	0.409879839786
0.723004694836	0.411214953271
0.723653395785	0.412550066756
0.722610722611	0.41388518024
0.725173210162	0.419225634179
0.725806451613	0.420560747664
0.724770642202	0.421895861148
0.726436781609	0.421895861148
0.725400457666	0.423230974633
0.72602739726	0.424566088117
0.726651480638	0.425901201602
0.727272727273	0.427236315087
0.727891156463	0.428571428571
0.72850678733	0.429906542056
0.725842696629	0.431241655541
0.727477477477	0.431241655541
0.729119638826	0.431241655541
0.726457399103	0.432576769025
0.726057906459	0.435246995995
0.726666666667	0.436582109479
0.727272727273	0.437917222964
0.728476821192	0.440587449933
0.729074889868	0.441922563418
0.72967032967	0.443257676903
0.730263157895	0.444592790387
0.730853391685	0.445927903872
0.728260869565	0.447263017356
0.729847494553	0.447263017356
0.726293103448	0.449933244326
0.727861771058	0.449933244326
0.729437229437	0.449933244326
0.72688172043	0.45126835781
0.727467811159	0.452603471295
0.726495726496	0.45393858478
0.728051391863	0.45393858478
0.725531914894	0.455273698264
0.727078891258	0.455273698264
0.721518987342	0.456608811749
0.723044397463	0.456608811749
0.724576271186	0.456608811749
0.726114649682	0.456608811749
0.722105263158	0.457943925234
0.72268907563	0.459279038718
0.722338204593	0.461949265688
0.723849372385	0.461949265688
0.722916666667	0.463284379172
0.721991701245	0.464619492657
0.723492723493	0.464619492657
0.722567287785	0.465954606142
0.720164609053	0.467289719626
0.721649484536	0.467289719626
0.723140495868	0.467289719626
0.720739219713	0.468624833111
0.721881390593	0.47129506008
0.723014256619	0.473965287049
0.723577235772	0.475300400534
0.724137931034	0.476635514019
0.724696356275	0.477970627503
0.725252525253	0.479305740988
0.725806451613	0.480640854473
0.724899598394	0.481975967957
0.718253968254	0.483311081442
0.719681908549	0.483311081442
0.721115537849	0.483311081442
0.72255489022	0.483311081442
0.724	0.483311081442
0.725450901804	0.483311081442
0.715976331361	0.484646194927
0.717391304348	0.484646194927
0.718811881188	0.484646194927
0.716535433071	0.485981308411
0.717092337917	0.487316421896
0.717647058824	0.488651535381
0.718199608611	0.489986648865
0.714836223507	0.495327102804
0.716216216216	0.495327102804
0.714011516315	0.496662216288
0.710476190476	0.497997329773
0.711832061069	0.497997329773
0.714559386973	0.497997329773
0.71102661597	0.499332443258
0.711574952562	0.500667556742
0.712665406427	0.503337783712
0.71320754717	0.504672897196
0.713747645951	0.506008010681
0.714285714286	0.507343124166
0.715355805243	0.510013351135
0.711895910781	0.511348464619
0.71322160149	0.511348464619
0.714552238806	0.511348464619
0.715887850467	0.511348464619
0.712430426716	0.512683578104
0.712962962963	0.514018691589
0.713493530499	0.515353805073
0.714022140221	0.516688918558
0.713235294118	0.518024032043
0.71376146789	0.519359145527
0.714285714286	0.520694259012
0.714808043876	0.522029372497
0.715328467153	0.523364485981
0.711956521739	0.524699599466
0.713248638838	0.524699599466
0.714545454545	0.524699599466
0.715846994536	0.524699599466
0.71119133574	0.526034712951
0.710431654676	0.527369826435
0.711711711712	0.527369826435
0.710951526032	0.52870493992
0.71146953405	0.530040053405
0.710714285714	0.531375166889
0.711229946524	0.532710280374
0.70796460177	0.534045393858
0.709219858156	0.534045393858
0.710479573712	0.534045393858
0.711743772242	0.534045393858
0.708480565371	0.535380507343
0.705263157895	0.536715620828
0.706502636204	0.536715620828
0.707746478873	0.536715620828
0.708994708995	0.536715620828
0.705061082024	0.539385847797
0.704861111111	0.542056074766
0.706086956522	0.542056074766
0.705372616984	0.543391188251
0.705882352941	0.544726301736
0.706390328152	0.54606141522
0.704467353952	0.547396528705
0.705679862306	0.547396528705
0.706896551724	0.547396528705
0.704974271012	0.54873164219
0.705479452055	0.550066755674
0.706484641638	0.552736982644
0.698653198653	0.554072096128
0.699831365936	0.554072096128
0.701013513514	0.554072096128
0.706984667802	0.554072096128
0.69449081803	0.555407209613
0.695652173913	0.555407209613
0.697986577181	0.555407209613
0.699159663866	0.555407209613
0.69384359401	0.556742323097
0.694352159468	0.558077436582
0.694859038143	0.559412550067
0.690789473684	0.560747663551
0.693069306931	0.560747663551
0.694214876033	0.560747663551
0.695364238411	0.560747663551
0.691297208539	0.562082777036
0.690671031097	0.563417890521
0.691803278689	0.563417890521
0.691176470588	0.564753004005
0.686084142395	0.56608811749
0.687196110211	0.56608811749
0.688311688312	0.56608811749
0.689430894309	0.56608811749
0.677777777778	0.570093457944
0.67665615142	0.572763684913
0.677725118483	0.572763684913
0.672926447574	0.574098798398
0.673981191223	0.574098798398
0.675039246468	0.574098798398
0.672897196262	0.576769025367
0.673405909798	0.578104138852
0.673913043478	0.579439252336
0.673879443586	0.582109479306
0.674922600619	0.582109479306
0.66717325228	0.58611481976
0.672281776417	0.58611481976
0.673312883436	0.58611481976
0.674347158218	0.58611481976
0.654761904762	0.587449933244
0.654814814815	0.590120160214
0.655786350148	0.590120160214
0.648609077599	0.591455273698
0.649560117302	0.591455273698
0.650513950073	0.591455273698
0.652430044183	0.591455273698
0.655325443787	0.591455273698
0.6472303207	0.592790387183
0.648175182482	0.592790387183
0.649122807018	0.592790387183
0.646802325581	0.594125500668
0.647743813683	0.594125500668
0.647314949202	0.595460614152
0.645953757225	0.596795727637
0.646888567294	0.596795727637
0.647826086957	0.596795727637
0.644604316547	0.598130841121
0.64553314121	0.598130841121
0.646464646465	0.598130841121
0.64234620887	0.599465954606
0.641940085592	0.600801068091
0.642857142857	0.600801068091
0.640625	0.602136181575
0.639321074965	0.60347129506
0.640226628895	0.60347129506
0.641134751773	0.60347129506
0.635343618513	0.604806408545
0.637130801688	0.604806408545
0.638028169014	0.604806408545
0.638928067701	0.604806408545
0.634078212291	0.606141522029
0.634965034965	0.606141522029
0.63421418637	0.608811748999
0.631215469613	0.610146862483
0.632088520055	0.610146862483
0.633841886269	0.610146862483
0.634722222222	0.610146862483
0.629986244842	0.611481975968
0.63085399449	0.611481975968
0.631724137931	0.611481975968
0.630494505495	0.612817089453
