Precision	Recall
1.0	0.0
0.333333333333	0.00271370420624
0.714285714286	0.0135685210312
0.730769230769	0.0257801899593
0.555555555556	0.0271370420624
0.54	0.0366350067843
0.5	0.0379918588874
0.516129032258	0.0434192672999
0.486111111111	0.0474898236092
0.4625	0.0502035278155
0.475609756098	0.0529172320217
0.478723404255	0.0610583446404
0.511363636364	0.0610583446404
0.462264150943	0.0664857530529
0.431034482759	0.067842605156
0.434426229508	0.0719131614654
0.430769230769	0.0759837177748
0.4375	0.0854816824966
0.427631578947	0.0881953867028
0.445205479452	0.0881953867028
0.423076923077	0.089552238806
0.432926829268	0.0963364993216
0.443181818182	0.105834464043
0.434065934066	0.107191316147
0.436170212766	0.111261872456
0.42	0.113975576662
0.414285714286	0.118046132972
0.410714285714	0.124830393487
0.404347826087	0.12618724559
0.40756302521	0.131614654003
0.40625	0.141112618725
0.401515151515	0.143826322931
0.401459854015	0.149253731343
0.377551020408	0.150610583446
0.390845070423	0.150610583446
0.382352941176	0.158751696065
0.382911392405	0.164179104478
0.38125	0.165535956581
0.378048780488	0.168249660787
0.382716049383	0.168249660787
0.374251497006	0.16960651289
0.364161849711	0.170963364993
0.372781065089	0.170963364993
0.362857142857	0.172320217096
0.357541899441	0.173677069199
0.363636363636	0.173677069199
0.358333333333	0.175033921303
0.369565217391	0.184531886024
0.355670103093	0.187245590231
0.365079365079	0.187245590231
0.368983957219	0.187245590231
0.348258706468	0.189959294437
0.33971291866	0.192672998643
0.346341463415	0.192672998643
0.348039215686	0.192672998643
0.33488372093	0.195386702849
0.337962962963	0.198100407056
0.338636363636	0.202170963365
0.335526315789	0.207598371777
0.335497835498	0.210312075984
0.330543933054	0.214382632293
0.334745762712	0.214382632293
0.332644628099	0.218453188602
0.324701195219	0.221166892809
0.331300813008	0.221166892809
0.326086956522	0.223880597015
0.326171875	0.226594301221
0.324324324324	0.227951153324
0.320895522388	0.233378561737
0.324528301887	0.233378561737
0.32037037037	0.23473541384
0.320512820513	0.237449118046
0.31884057971	0.238805970149
0.319642857143	0.242876526459
0.320284697509	0.244233378562
0.318661971831	0.245590230665
0.315972222222	0.246947082768
0.318027210884	0.253731343284
0.31711409396	0.25644504749
0.318333333333	0.259158751696
0.320132013201	0.263229308005
0.319805194805	0.267299864315
0.320512820513	0.271370420624
0.318611987382	0.27408412483
0.321875	0.279511533243
0.321981424149	0.282225237449
0.316265060241	0.284938941655
0.317220543807	0.284938941655
0.32012195122	0.284938941655
0.307580174927	0.286295793758
0.310294117647	0.286295793758
0.314925373134	0.286295793758
0.304597701149	0.287652645862
0.306358381503	0.287652645862
0.300847457627	0.289009497965
0.293150684932	0.290366350068
0.296398891967	0.290366350068
0.290540540541	0.291723202171
0.290322580645	0.293080054274
0.285526315789	0.294436906377
0.287037037037	0.294436906377
0.283854166667	0.29579375848
0.280051150895	0.297150610583
0.282216494845	0.297150610583
0.280456852792	0.29986431479
0.2775	0.301221166893
0.281637717122	0.308005427408
0.280098280098	0.309362279512
0.276570048309	0.310719131615
0.279268292683	0.310719131615
0.27446300716	0.312075983718
0.273696682464	0.313432835821
0.272300469484	0.314789687924
0.272833723653	0.316146540027
0.270642201835	0.320217096336
0.273781902552	0.320217096336
0.266292134831	0.32157394844
0.267494356659	0.32157394844
0.268707482993	0.32157394844
0.266816143498	0.322930800543
0.267184035477	0.327001356852
0.265795206972	0.331071913161
0.266958424508	0.331071913161
0.263948497854	0.333785617368
0.266233766234	0.333785617368
0.264331210191	0.337856173677
0.26532769556	0.340569877883
0.26582278481	0.341926729986
0.261904761905	0.34328358209
0.264644351464	0.34328358209
0.265756302521	0.34328358209
0.260692464358	0.347354138399
0.263374485597	0.347354138399
0.261523046092	0.354138398915
0.26310483871	0.354138398915
0.264170040486	0.354138398915
0.261952191235	0.356852103121
0.258823529412	0.358208955224
0.260869565217	0.358208955224
0.2587890625	0.359565807327
0.258687258687	0.363636363636
0.259082217973	0.367706919946
0.25855513308	0.369063772049
0.258979206049	0.371777476255
0.255555555556	0.374491180461
0.256505576208	0.374491180461
0.258911819887	0.374491180461
0.25504587156	0.377204884668
0.254098360656	0.378561736771
0.255027422303	0.378561736771
0.251346499102	0.379918588874
0.252252252252	0.379918588874
0.253623188406	0.379918588874
0.254545454545	0.379918588874
0.249113475177	0.381275440977
0.249555950266	0.381275440977
0.248245614035	0.383989145183
0.25	0.383989145183
0.248686514886	0.385345997286
0.248695652174	0.388059701493
0.247422680412	0.390773405699
0.248275862069	0.390773405699
0.246166950596	0.392130257802
0.244966442953	0.396200814111
0.246205733558	0.396200814111
0.244983277592	0.397557666214
0.245	0.398914518318
0.244243421053	0.402985074627
0.24504950495	0.402985074627
0.243862520458	0.40434192673
0.243902439024	0.407055630936
0.241573033708	0.408412483039
0.243527508091	0.408412483039
0.241626794258	0.411126187246
0.240506329114	0.412483039349
0.239436619718	0.415196743555
0.240310077519	0.420624151967
0.237042682927	0.421981004071
0.238496932515	0.421981004071
0.239969135802	0.421981004071
0.237082066869	0.423337856174
0.237878787879	0.42605156038
0.236526946108	0.428765264586
0.237951807229	0.428765264586
0.232404692082	0.430122116689
0.233775811209	0.430122116689
0.235512630015	0.430122116689
0.235863095238	0.430122116689
0.232456140351	0.431478968792
0.232558139535	0.434192672999
0.231936416185	0.435549525102
0.230329041488	0.436906377205
0.230989956958	0.436906377205
0.232323232323	0.436906377205
0.230769230769	0.439620081411
0.222298221614	0.440976933514
0.222908093278	0.440976933514
0.224137931034	0.440976933514
0.225069252078	0.440976933514
0.225694444444	0.440976933514
0.226638772664	0.440976933514
0.227591036415	0.440976933514
0.229844413013	0.440976933514
0.222373806276	0.442333785617
0.221698113208	0.446404341927
0.222598105548	0.446404341927
0.219707057257	0.44776119403
0.220588235294	0.44776119403
0.220883534137	0.44776119403
0.221476510067	0.44776119403
0.221268163804	0.454545454545
0.219607843137	0.455902306649
0.220183486239	0.455902306649
0.221052631579	0.455902306649
0.219844357977	0.459972862958
0.220703125	0.459972862958
0.217669654289	0.461329715061
0.21879021879	0.461329715061
0.217474489796	0.462686567164
0.215636822194	0.464043419267
0.216730038023	0.464043419267
0.217834394904	0.464043419267
0.215452261307	0.46540027137
0.214731585518	0.466757123474
0.215538847118	0.466757123474
0.216934487021	0.476255088195
0.217472118959	0.476255088195
0.21801242236	0.476255088195
0.217016029593	0.477611940299
0.217980295567	0.480325644505
0.216101694915	0.484396200814
0.217417783191	0.484396200814
0.218215158924	0.484396200814
0.219018404908	0.484396200814
0.216444981862	0.485753052917
0.217208182912	0.489823609227
