Precision	Recall
1.0	0.0
0.333333333333	0.00333333333333
0.5	0.00333333333333
0.333333333333	0.00666666666667
0.4	0.00666666666667
0.5	0.00666666666667
0.375	0.01
0.428571428571	0.01
0.4	0.0133333333333
0.444444444444	0.0133333333333
0.454545454545	0.0166666666667
0.5	0.02
0.5	0.0233333333333
0.538461538462	0.0233333333333
0.533333333333	0.0266666666667
0.45	0.03
0.473684210526	0.03
0.5	0.03
0.529411764706	0.03
0.47619047619	0.0333333333333
0.478260869565	0.0366666666667
0.5	0.0366666666667
0.5	0.04
0.5	0.0433333333333
0.52	0.0433333333333
0.5	0.0466666666667
0.518518518519	0.0466666666667
0.416666666667	0.05
0.428571428571	0.05
0.441176470588	0.05
0.454545454545	0.05
0.483870967742	0.05
0.51724137931	0.05
0.432432432432	0.0533333333333
0.395348837209	0.0566666666667
0.404761904762	0.0566666666667
0.414634146341	0.0566666666667
0.425	0.0566666666667
0.435897435897	0.0566666666667
0.447368421053	0.0566666666667
0.409090909091	0.06
0.413043478261	0.0633333333333
0.422222222222	0.0633333333333
0.4	0.0666666666667
0.408163265306	0.0666666666667
0.416666666667	0.0666666666667
0.425531914894	0.0666666666667
0.388888888889	0.07
0.396226415094	0.07
0.403846153846	0.07
0.411764705882	0.07
0.392857142857	0.0733333333333
0.4	0.0733333333333
0.389830508475	0.0766666666667
0.396551724138	0.0766666666667
0.40350877193	0.0766666666667
0.4	0.08
0.367647058824	0.0833333333333
0.373134328358	0.0833333333333
0.384615384615	0.0833333333333
0.390625	0.0833333333333
0.396825396825	0.0833333333333
0.403225806452	0.0833333333333
0.409836065574	0.0833333333333
0.376811594203	0.0866666666667
0.385714285714	0.09
0.378378378378	0.0933333333333
0.383561643836	0.0933333333333
0.388888888889	0.0933333333333
0.394366197183	0.0933333333333
0.386666666667	0.0966666666667
0.394736842105	0.1
0.378048780488	0.103333333333
0.382716049383	0.103333333333
0.3875	0.103333333333
0.392405063291	0.103333333333
0.397435897436	0.103333333333
0.402597402597	0.103333333333
0.380952380952	0.106666666667
0.385542168675	0.106666666667
0.388235294118	0.11
0.395348837209	0.113333333333
0.393258426966	0.116666666667
0.397727272727	0.116666666667
0.402298850575	0.116666666667
0.395604395604	0.12
0.4	0.12
0.402173913043	0.123333333333
0.408602150538	0.126666666667
0.410526315789	0.13
0.414893617021	0.13
0.40404040404	0.133333333333
0.408163265306	0.133333333333
0.412371134021	0.133333333333
0.416666666667	0.133333333333
0.41	0.136666666667
0.407766990291	0.14
0.411764705882	0.14
0.415841584158	0.14
0.405660377358	0.143333333333
0.409523809524	0.143333333333
0.413461538462	0.143333333333
0.411214953271	0.146666666667
0.412844036697	0.15
0.416666666667	0.15
0.410714285714	0.153333333333
0.414414414414	0.153333333333
0.41592920354	0.156666666667
0.421052631579	0.16
0.426086956522	0.163333333333
0.42735042735	0.166666666667
0.431034482759	0.166666666667
0.428571428571	0.17
0.432203389831	0.17
0.41935483871	0.173333333333
0.426229508197	0.173333333333
0.429752066116	0.173333333333
0.433333333333	0.173333333333
0.420634920635	0.176666666667
0.424	0.176666666667
0.425196850394	0.18
0.4296875	0.183333333333
0.434108527132	0.186666666667
0.435114503817	0.19
0.438461538462	0.19
0.436090225564	0.193333333333
0.439393939394	0.193333333333
0.430656934307	0.196666666667
0.433823529412	0.196666666667
0.437037037037	0.196666666667
0.431654676259	0.2
0.434782608696	0.2
0.420689655172	0.203333333333
0.423611111111	0.203333333333
0.426573426573	0.203333333333
0.429577464789	0.203333333333
0.432624113475	0.203333333333
0.435714285714	0.203333333333
0.424657534247	0.206666666667
0.428571428571	0.21
0.423841059603	0.213333333333
0.426666666667	0.213333333333
0.429530201342	0.213333333333
0.432432432432	0.213333333333
0.422077922078	0.216666666667
0.424836601307	0.216666666667
0.427631578947	0.216666666667
0.420382165605	0.22
0.423076923077	0.22
0.425806451613	0.22
0.424050632911	0.223333333333
0.425	0.226666666667
0.427672955975	0.226666666667
0.420731707317	0.23
0.423312883436	0.23
0.425925925926	0.23
0.428571428571	0.23
0.419161676647	0.233333333333
0.421686746988	0.233333333333
0.424242424242	0.233333333333
0.417647058824	0.236666666667
0.420118343195	0.236666666667
0.418604651163	0.24
0.421052631579	0.24
0.421965317919	0.243333333333
0.415730337079	0.246666666667
0.418079096045	0.246666666667
0.420454545455	0.246666666667
0.422857142857	0.246666666667
0.425287356322	0.246666666667
0.409836065574	0.25
0.412087912088	0.25
0.414364640884	0.25
0.416666666667	0.25
0.418994413408	0.25
0.408602150538	0.253333333333
0.410810810811	0.253333333333
0.413043478261	0.253333333333
0.411764705882	0.256666666667
0.414893617021	0.26
0.413612565445	0.263333333333
0.415789473684	0.263333333333
0.417989417989	0.263333333333
0.408163265306	0.266666666667
0.410256410256	0.266666666667
0.412371134021	0.266666666667
0.414507772021	0.266666666667
0.416666666667	0.266666666667
0.41116751269	0.27
0.405940594059	0.273333333333
0.407960199005	0.273333333333
0.41	0.273333333333
0.412060301508	0.273333333333
0.414141414141	0.273333333333
0.40487804878	0.276666666667
0.406862745098	0.276666666667
0.408866995074	0.276666666667
0.405797101449	0.28
0.407766990291	0.28
0.400943396226	0.283333333333
0.402843601896	0.283333333333
0.404761904762	0.283333333333
0.406698564593	0.283333333333
0.408653846154	0.283333333333
0.403755868545	0.286666666667
0.404651162791	0.29
0.406542056075	0.29
0.405529953917	0.293333333333
0.408256880734	0.296666666667
0.405405405405	0.3
0.407239819005	0.3
0.409090909091	0.3
0.41095890411	0.3
0.410714285714	0.306666666667
0.411504424779	0.31
0.413333333333	0.31
0.4	0.313333333333
0.401709401709	0.313333333333
0.403433476395	0.313333333333
0.405172413793	0.313333333333
0.406926406926	0.313333333333
0.408695652174	0.313333333333
0.410480349345	0.313333333333
0.412280701754	0.313333333333
0.4140969163	0.313333333333
0.400843881857	0.316666666667
0.402542372881	0.316666666667
0.403361344538	0.32
0.405857740586	0.323333333333
0.408333333333	0.326666666667
0.407407407407	0.33
0.409090909091	0.33
0.410788381743	0.33
0.401606425703	0.333333333333
0.403225806452	0.333333333333
0.404858299595	0.333333333333
0.406504065041	0.333333333333
0.408163265306	0.333333333333
0.409836065574	0.333333333333
0.404	0.336666666667
0.404761904762	0.34
0.406374501992	0.34
0.400778210117	0.343333333333
0.40234375	0.343333333333
0.403921568627	0.343333333333
0.405511811024	0.343333333333
0.407114624506	0.343333333333
0.401544401544	0.346666666667
0.403100775194	0.346666666667
0.403846153846	0.35
0.4	0.353333333333
0.401515151515	0.353333333333
0.403041825095	0.353333333333
0.404580152672	0.353333333333
0.406130268199	0.353333333333
0.402255639098	0.356666666667
0.401486988848	0.36
0.402985074627	0.36
0.404494382022	0.36
0.400735294118	0.363333333333
0.40221402214	0.363333333333
0.403703703704	0.363333333333
0.401459854015	0.366666666667
0.40293040293	0.366666666667
0.395017793594	0.37
0.396428571429	0.37
0.39928057554	0.37
0.400722021661	0.37
0.402173913043	0.37
0.403636363636	0.37
0.395759717314	0.373333333333
0.397163120567	0.373333333333
0.39649122807	0.376666666667
0.397887323944	0.376666666667
0.397212543554	0.38
0.398601398601	0.38
0.399305555556	0.383333333333
0.401384083045	0.386666666667
0.397959183673	0.39
0.400684931507	0.39
0.40206185567	0.39
0.403448275862	0.39
0.393333333333	0.393333333333
0.394648829431	0.393333333333
0.395973154362	0.393333333333
0.397306397306	0.393333333333
0.398648648649	0.393333333333
0.4	0.393333333333
0.395348837209	0.396666666667
0.397350993377	0.4
0.399339933993	0.403333333333
0.393548387097	0.406666666667
0.394822006472	0.406666666667
0.396103896104	0.406666666667
0.397394136808	0.406666666667
0.398692810458	0.406666666667
0.4	0.406666666667
0.401315789474	0.406666666667
0.394230769231	0.41
0.395498392283	0.41
0.393650793651	0.413333333333
0.394904458599	0.413333333333
0.396166134185	0.413333333333
0.391849529781	0.416666666667
0.393081761006	0.416666666667
0.394321766562	0.416666666667
0.395569620253	0.416666666667
0.391304347826	0.42
0.392523364486	0.42
0.39375	0.42
0.391975308642	0.423333333333
0.393188854489	0.423333333333
0.390243902439	0.426666666667
0.391437308869	0.426666666667
0.39263803681	0.426666666667
0.393846153846	0.426666666667
0.389728096677	0.43
0.390909090909	0.43
0.392097264438	0.43
0.39156626506	0.433333333333
0.392215568862	0.436666666667
0.392857142857	0.44
0.394029850746	0.44
0.394658753709	0.443333333333
0.396449704142	0.446666666667
0.398230088496	0.45
0.397660818713	0.453333333333
0.398826979472	0.453333333333
0.4	0.453333333333
0.398255813953	0.456666666667
0.399416909621	0.456666666667
0.398843930636	0.46
0.4	0.46
0.400576368876	0.463333333333
0.402298850575	0.466666666667
0.399433427762	0.47
0.400568181818	0.47
0.401709401709	0.47
0.402857142857	0.47
0.397759103641	0.473333333333
0.398876404494	0.473333333333
0.4	0.473333333333
0.401129943503	0.473333333333
0.398328690808	0.476666666667
0.399441340782	0.476666666667
0.4	0.48
0.401662049861	0.483333333333
0.398907103825	0.486666666667
0.4	0.486666666667
0.401098901099	0.486666666667
0.402203856749	0.486666666667
0.403314917127	0.486666666667
0.400544959128	0.49
0.40108401084	0.493333333333
0.402173913043	0.493333333333
0.401617250674	0.496666666667
0.402702702703	0.496666666667
0.403225806452	0.5
0.400530503979	0.503333333333
0.401595744681	0.503333333333
0.402666666667	0.503333333333
0.403743315508	0.503333333333
0.404825737265	0.503333333333
0.4	0.506666666667
0.401055408971	0.506666666667
0.402116402116	0.506666666667
0.400523560209	0.51
0.40157480315	0.51
0.402088772846	0.513333333333
0.402597402597	0.516666666667
0.403645833333	0.516666666667
0.40414507772	0.52
0.403598971722	0.523333333333
0.404639175258	0.523333333333
0.405684754522	0.523333333333
0.405128205128	0.526666666667
0.403553299492	0.53
0.404580152672	0.53
0.405612244898	0.53
0.406649616368	0.53
0.392156862745	0.533333333333
0.39312039312	0.533333333333
0.394088669951	0.533333333333
0.395061728395	0.533333333333
0.39603960396	0.533333333333
0.397022332506	0.533333333333
0.398009950249	0.533333333333
0.399002493766	0.533333333333
0.4	0.533333333333
0.401002506266	0.533333333333
0.403022670025	0.533333333333
0.40404040404	0.533333333333
0.405063291139	0.533333333333
0.390776699029	0.536666666667
0.391727493917	0.536666666667
0.392682926829	0.536666666667
0.393643031785	0.536666666667
0.390361445783	0.54
0.391304347826	0.54
0.392251815981	0.54
0.383529411765	0.543333333333
0.384433962264	0.543333333333
0.385342789598	0.543333333333
0.386255924171	0.543333333333
0.387173396675	0.543333333333
0.388095238095	0.543333333333
0.389021479714	0.543333333333
0.38995215311	0.543333333333
0.390887290168	0.543333333333
0.391826923077	0.543333333333
0.384976525822	0.546666666667
0.385514018692	0.55
0.386416861827	0.55
0.386046511628	0.553333333333
0.386946386946	0.553333333333
0.386574074074	0.556666666667
0.38747099768	0.556666666667
0.387990762125	0.56
0.389400921659	0.563333333333
0.389016018307	0.566666666667
0.389908256881	0.566666666667
0.390804597701	0.566666666667
0.383408071749	0.57
0.384269662921	0.57
0.385135135135	0.57
0.386004514673	0.57
0.386877828054	0.57
0.387755102041	0.57
0.388636363636	0.57
0.389521640091	0.57
0.383928571429	0.573333333333
0.384787472036	0.573333333333
0.381898454746	0.576666666667
0.382743362832	0.576666666667
0.383592017738	0.576666666667
0.384444444444	0.576666666667
0.385300668151	0.576666666667
0.383259911894	0.58
0.378787878788	0.583333333333
0.379609544469	0.583333333333
0.380434782609	0.583333333333
0.381263616558	0.583333333333
0.382096069869	0.583333333333
0.382932166302	0.583333333333
0.383771929825	0.583333333333
0.384615384615	0.583333333333
0.379310344828	0.586666666667
0.380129589633	0.586666666667
0.38064516129	0.59
0.378723404255	0.593333333333
0.379530916844	0.593333333333
0.380341880342	0.593333333333
0.381156316916	0.593333333333
0.380042462845	0.596666666667
0.38266384778	0.603333333333
0.381551362683	0.606666666667
0.382352941176	0.606666666667
0.383157894737	0.606666666667
0.383966244726	0.606666666667
0.378099173554	0.61
0.378881987578	0.61
0.379668049793	0.61
0.380457380457	0.61
0.38125	0.61
0.382045929019	0.61
0.382845188285	0.61
0.377049180328	0.613333333333
0.377823408624	0.613333333333
0.378600823045	0.613333333333
0.379381443299	0.613333333333
0.378323108384	0.616666666667
0.379591836735	0.62
0.380855397149	0.623333333333
0.382113821138	0.626666666667
0.383367139959	0.63
0.378486055777	0.633333333333
0.379241516966	0.633333333333
0.38	0.633333333333
0.380761523046	0.633333333333
0.381526104418	0.633333333333
0.382293762575	0.633333333333
0.383064516129	0.633333333333
0.383838383838	0.633333333333
0.384615384615	0.633333333333
0.377470355731	0.636666666667
0.378217821782	0.636666666667
0.378968253968	0.636666666667
0.37972166998	0.636666666667
0.378698224852	0.64
0.379921259843	0.643333333333
0.37890625	0.646666666667
0.379647749511	0.646666666667
0.380392156863	0.646666666667
0.381139489194	0.646666666667
0.378640776699	0.65
0.379377431907	0.65
0.37984496124	0.653333333333
0.381044487427	0.656666666667
0.381502890173	0.66
0.382239382239	0.66
0.38122605364	0.663333333333
0.381957773512	0.663333333333
0.382692307692	0.663333333333
0.380228136882	0.666666666667
0.380952380952	0.666666666667
0.381679389313	0.666666666667
0.38240917782	0.666666666667
0.380681818182	0.67
0.380414312618	0.673333333333
0.381132075472	0.673333333333
0.381852551985	0.673333333333
0.379439252336	0.676666666667
0.380149812734	0.676666666667
0.3808630394	0.676666666667
0.381578947368	0.676666666667
0.379182156134	0.68
0.379888268156	0.68
0.380597014925	0.68
0.377532228361	0.683333333333
0.378228782288	0.683333333333
0.378927911275	0.683333333333
0.37962962963	0.683333333333
0.380333951763	0.683333333333
0.378676470588	0.686666666667
0.379816513761	0.69
0.380952380952	0.693333333333
0.381386861314	0.696666666667
0.382084095064	0.696666666667
0.380434782609	0.7
0.38112522686	0.7
0.381818181818	0.7
0.382513661202	0.7
0.381555153707	0.703333333333
0.381981981982	0.706666666667
0.382671480144	0.706666666667
0.382405745063	0.71
0.38309352518	0.71
0.38282647585	0.713333333333
0.383512544803	0.713333333333
0.38256227758	0.716666666667
0.383244206774	0.716666666667
0.383928571429	0.716666666667
0.382300884956	0.72
0.382978723404	0.72
0.383658969805	0.72
0.382716049383	0.723333333333
0.383392226148	0.723333333333
0.383802816901	0.726666666667
0.384885764499	0.73
0.385288966725	0.733333333333
0.385964912281	0.733333333333
0.382352941176	0.736666666667
0.38301559792	0.736666666667
0.383680555556	0.736666666667
0.384347826087	0.736666666667
0.385017421603	0.736666666667
0.385689354276	0.736666666667
0.386363636364	0.736666666667
0.383419689119	0.74
0.381849315068	0.743333333333
0.382504288165	0.743333333333
0.383161512027	0.743333333333
0.383820998279	0.743333333333
0.384482758621	0.743333333333
0.382252559727	0.746666666667
0.382905982906	0.746666666667
0.383304940375	0.75
0.384353741497	0.753333333333
0.385398981324	0.756666666667
0.386440677966	0.76
0.38487394958	0.763333333333
0.385521885522	0.763333333333
0.386172006745	0.763333333333
0.386824324324	0.763333333333
0.387478849408	0.763333333333
0.385906040268	0.766666666667
0.386934673367	0.77
0.386666666667	0.773333333333
0.387312186978	0.773333333333
0.387959866221	0.773333333333
0.385123966942	0.776666666667
0.385761589404	0.776666666667
0.3864013267	0.776666666667
0.387043189369	0.776666666667
0.38768718802	0.776666666667
0.386138613861	0.78
0.385245901639	0.783333333333
0.385878489327	0.783333333333
0.386513157895	0.783333333333
0.384991843393	0.786666666667
0.385620915033	0.786666666667
0.386252045827	0.786666666667
0.385993485342	0.79
0.384491114701	0.793333333333
0.385113268608	0.793333333333
0.385737439222	0.793333333333
0.386363636364	0.793333333333
0.386991869919	0.793333333333
0.38424437299	0.796666666667
0.384863123994	0.796666666667
0.385483870968	0.796666666667
0.384	0.8
0.384615384615	0.8
0.385232744783	0.8
0.384370015949	0.803333333333
0.384984025559	0.803333333333
0.385350318471	0.806666666667
0.386327503975	0.81
0.385466034755	0.813333333333
0.386075949367	0.813333333333
0.386687797147	0.813333333333
0.387301587302	0.813333333333
0.38643533123	0.816666666667
0.387401574803	0.82
0.385335413417	0.823333333333
0.3859375	0.823333333333
0.386541471049	0.823333333333
0.387147335423	0.823333333333
0.387755102041	0.823333333333
0.388364779874	0.823333333333
0.386292834891	0.826666666667
0.385448916409	0.83
0.386046511628	0.83
0.386645962733	0.83
0.387247278383	0.83
0.385208012327	0.833333333333
0.385802469136	0.833333333333
0.386398763524	0.833333333333
0.386153846154	0.836666666667
0.384732824427	0.84
0.385321100917	0.84
0.385911179173	0.84
0.386503067485	0.84
0.387096774194	0.84
0.382175226586	0.843333333333
0.382753403933	0.843333333333
0.383333333333	0.843333333333
0.383915022762	0.843333333333
0.384498480243	0.843333333333
0.385083713851	0.843333333333
0.385670731707	0.843333333333
0.382530120482	0.846666666667
0.383107088989	0.846666666667
0.383458646617	0.85
0.384384384384	0.853333333333
0.383010432191	0.856666666667
0.383582089552	0.856666666667
0.384155455904	0.856666666667
0.384730538922	0.856666666667
0.385307346327	0.856666666667
0.382222222222	0.86
0.382789317507	0.86
0.383358098068	0.86
0.383928571429	0.86
0.382570162482	0.863333333333
0.383136094675	0.863333333333
0.382916053019	0.866666666667
0.383480825959	0.866666666667
0.381578947368	0.87
0.382137628111	0.87
0.382697947214	0.87
0.383259911894	0.87
0.383823529412	0.87
0.381368267831	0.873333333333
0.381924198251	0.873333333333
0.382481751825	0.873333333333
0.380607814761	0.876666666667
0.381712626996	0.876666666667
0.38226744186	0.876666666667
0.381502890173	0.88
0.380747126437	0.883333333333
0.381294964029	0.883333333333
0.381844380403	0.883333333333
0.382395382395	0.883333333333
0.379457917261	0.886666666667
0.38	0.886666666667
0.380543633763	0.886666666667
0.381088825215	0.886666666667
0.381635581062	0.886666666667
0.380341880342	0.89
