Precision	Recall
1.0	0.0
0.692307692308	0.00508474576271
1.0	0.00508474576271
0.761904761905	0.0090395480226
0.75	0.0101694915254
0.777777777778	0.0118644067797
0.8	0.0135593220339
0.818181818182	0.0152542372881
0.837837837838	0.0175141242938
0.85	0.019209039548
0.866666666667	0.0220338983051
0.862745098039	0.0248587570621
0.877192982456	0.0282485875706
0.873015873016	0.0310734463277
0.882352941176	0.0338983050847
0.890410958904	0.0367231638418
0.881578947368	0.0378531073446
0.869047619048	0.0412429378531
0.857142857143	0.0440677966102
0.865979381443	0.0474576271186
0.861386138614	0.0491525423729
0.857142857143	0.0508474576271
0.862385321101	0.0531073446328
0.859649122807	0.0553672316384
0.866666666667	0.0587570621469
0.861788617886	0.0598870056497
0.864	0.0610169491525
0.854961832061	0.0632768361582
0.847826086957	0.0661016949153
0.853146853147	0.0689265536723
0.859060402685	0.0723163841808
0.866242038217	0.0768361581921
0.864197530864	0.0790960451977
0.854545454545	0.0796610169492
0.846153846154	0.080790960452
0.848837209302	0.0824858757062
0.85393258427	0.0858757062147
0.843243243243	0.0881355932203
0.84375	0.0915254237288
0.844221105528	0.0949152542373
0.843137254902	0.0971751412429
0.841346153846	0.0988700564972
0.843601895735	0.100564971751
0.841121495327	0.101694915254
0.845454545455	0.105084745763
0.840707964602	0.107344632768
0.839130434783	0.109039548023
0.84188034188	0.111299435028
0.845188284519	0.114124293785
0.846473029046	0.115254237288
0.836734693878	0.11581920904
0.838056680162	0.116949152542
0.83137254902	0.119774011299
0.828244274809	0.122598870056
0.825278810409	0.125423728814
0.827205882353	0.127118644068
0.828467153285	0.128248587571
0.830324909747	0.129943502825
0.830935251799	0.130508474576
0.835087719298	0.134463276836
0.837931034483	0.137288135593
0.836177474403	0.138418079096
0.832214765101	0.14011299435
0.833887043189	0.141807909605
0.83660130719	0.144632768362
0.834394904459	0.14802259887
0.834920634921	0.148587570621
0.826625386997	0.150847457627
0.825688073394	0.152542372881
0.823708206687	0.153107344633
0.826865671642	0.156497175141
0.829411764706	0.159322033898
0.831395348837	0.161581920904
0.831884057971	0.162146892655
0.830945558739	0.16384180791
0.832861189802	0.166101694915
0.829608938547	0.167796610169
0.827777777778	0.168361581921
0.828729281768	0.169491525424
0.823369565217	0.171186440678
0.824797843666	0.172881355932
0.816489361702	0.173446327684
0.811023622047	0.174576271186
0.809895833333	0.175706214689
0.811369509044	0.177401129944
0.814720812183	0.181355932203
0.816120906801	0.183050847458
0.817955112219	0.185310734463
0.815270935961	0.187005649718
0.814634146341	0.188700564972
0.815085158151	0.189265536723
0.814903846154	0.191525423729
0.816666666667	0.193785310734
0.821759259259	0.200564971751
0.822580645161	0.201694915254
0.821917808219	0.203389830508
0.821670428894	0.205649717514
0.822869955157	0.207344632768
0.823660714286	0.208474576271
0.826373626374	0.212429378531
0.819565217391	0.212994350282
0.820346320346	0.214124293785
0.818965517241	0.214689265537
0.820295983087	0.219209039548
0.821428571429	0.220903954802
0.82254697286	0.222598870056
0.823651452282	0.224293785311
0.82304526749	0.225988700565
0.823770491803	0.227118644068
0.821501014199	0.228813559322
0.812375249501	0.229943502825
0.813492063492	0.231638418079
0.814229249012	0.232768361582
0.812992125984	0.233333333333
0.8125	0.235028248588
0.815028901734	0.238983050847
0.815738963532	0.24011299435
0.815589353612	0.242372881356
0.815094339623	0.24406779661
0.816479400749	0.246327683616
0.817504655493	0.24802259887
0.818853974122	0.250282485876
0.818681318681	0.252542372881
0.818511796733	0.254802259887
0.815080789946	0.256497175141
0.816071428571	0.258192090395
0.81592920354	0.260451977401
0.817543859649	0.263276836158
0.8184991274	0.264971751412
0.81660899654	0.266666666667
0.817555938038	0.268361581921
0.818493150685	0.270056497175
0.816638370119	0.271751412429
0.817258883249	0.272881355932
0.814814814815	0.273446327684
0.816053511706	0.275706214689
0.81561461794	0.277401129944
0.816225165563	0.278531073446
0.815485996705	0.279661016949
0.816091954023	0.280790960452
0.817886178862	0.28418079096
0.818181818182	0.284745762712
0.81715210356	0.285310734463
0.815409309791	0.287005649718
0.816293929712	0.288700564972
0.818037974684	0.29209039548
0.814465408805	0.292655367232
0.815336463224	0.294350282486
0.816485225505	0.296610169492
0.815789473684	0.297740112994
0.816640986133	0.299435028249
0.817204301075	0.300564971751
0.817484662577	0.301129943503
0.818042813456	0.302259887006
0.818597560976	0.303389830508
0.81914893617	0.304519774011
0.820512820513	0.307344632768
0.818590704648	0.308474576271
0.816964285714	0.310169491525
0.818316100443	0.312994350282
0.818181818182	0.315254237288
0.819241982507	0.317514124294
0.816473988439	0.319209039548
0.814921090387	0.320903954802
0.815714285714	0.322598870056
0.813920454545	0.323728813559
0.814447592068	0.324858757062
0.813822284908	0.325988700565
0.81512605042	0.328813559322
0.816666666667	0.332203389831
0.813535911602	0.332768361582
0.814305364512	0.334463276836
0.815321477428	0.336723163842
0.815825375171	0.337853107345
0.816576086957	0.339548022599
0.815967523681	0.340677966102
0.813422818792	0.342372881356
0.814171122995	0.34406779661
0.814913448735	0.345762711864
0.813492063492	0.347457627119
0.814229249012	0.349152542373
0.814717477004	0.350282485876
0.815445026178	0.35197740113
0.813802083333	0.353107344633
0.812661498708	0.355367231638
0.812097812098	0.356497175141
0.811538461538	0.357627118644
0.811779769526	0.358192090395
0.811464968153	0.35988700565
0.811944091487	0.361016949153
0.812420785805	0.362146892655
0.811630847029	0.362711864407
0.811083123426	0.36384180791
0.809284818068	0.364406779661
0.80875	0.365536723164
0.808988764045	0.366101694915
0.809701492537	0.367796610169
0.808405438813	0.369491525424
0.807125307125	0.371186440678
0.80684596577	0.372881355932
0.806569343066	0.374576271186
0.805825242718	0.375141242938
0.806295399516	0.376271186441
0.806763285024	0.377401129944
0.807692307692	0.379661016949
0.807923169268	0.380225988701
0.808153477218	0.380790960452
0.808383233533	0.381355932203
0.804761904762	0.381920903955
0.803550295858	0.383615819209
0.802833530106	0.38418079096
0.803529411765	0.385875706215
0.802339181287	0.387570621469
0.80303030303	0.389265536723
0.802555168409	0.390395480226
0.802784222738	0.390960451977
0.801156069364	0.391525423729
0.799539170507	0.39209039548
0.799311926606	0.393785310734
0.797945205479	0.394915254237
0.798634812287	0.396610169492
0.796380090498	0.397740112994
0.794813979707	0.398305084746
0.794382022472	0.399435028249
0.793952967525	0.400564971751
0.791991101224	0.402259887006
0.791805094131	0.40395480226
0.791620727674	0.405649717514
0.792079207921	0.406779661017
0.792307692308	0.407344632768
0.792990142388	0.409039548023
0.791712104689	0.410169491525
0.792616720955	0.412429378531
0.793066088841	0.413559322034
0.792025862069	0.415254237288
0.792249730893	0.41581920904
0.790996784566	0.416949152542
0.790821771612	0.418644067797
0.791267305644	0.419774011299
0.790870488323	0.420903954802
0.791313559322	0.422033898305
0.791974656811	0.423728813559
0.791798107256	0.425423728814
0.791623036649	0.427118644068
0.791013584117	0.427683615819
0.791449426486	0.428813559322
0.79067357513	0.431073446328
0.79132231405	0.432768361582
0.791967044284	0.434463276836
0.791366906475	0.435028248588
0.790388548057	0.436723163842
0.790650406504	0.439548022599
0.79107505071	0.440677966102
0.791286727457	0.441242937853
0.791708796764	0.442372881356
0.792129162462	0.443502824859
0.792964824121	0.445762711864
0.792377131394	0.446327683616
0.792	0.447457627119
0.790836653386	0.448587570621
0.791044776119	0.449152542373
0.79046673287	0.449717514124
0.790099009901	0.450847457627
0.789940828402	0.452542372881
0.789577187807	0.453672316384
0.790196078431	0.455367231638
0.79060665362	0.456497175141
0.791219512195	0.458192090395
0.790697674419	0.461016949153
0.791304347826	0.462711864407
0.790384615385	0.464406779661
0.790229885057	0.466101694915
0.789674952199	0.466666666667
0.790276453765	0.468361581921
0.787677725118	0.469491525424
0.787878787879	0.470056497175
0.786993402451	0.471751412429
0.787394167451	0.472881355932
0.785580524345	0.474011299435
0.785447761194	0.475706214689
0.78511627907	0.476836158192
0.784786641929	0.477966101695
0.783733826248	0.479096045198
0.783808647654	0.481355932203
0.784205693297	0.482485875706
0.784798534799	0.48418079096
0.784474885845	0.485310734463
0.784153005464	0.486440677966
0.784545454545	0.487570621469
0.785326086957	0.489830508475
0.784101174345	0.490395480226
0.782882882883	0.490960451977
0.78167115903	0.491525423729
0.782452999105	0.493785310734
0.781445138269	0.494915254237
0.78024911032	0.495480225989
0.779255319149	0.496610169492
0.778761061947	0.497175141243
0.778268551237	0.497740112994
0.778659611993	0.498870056497
0.778947368421	0.501694915254
0.778458844133	0.502259887006
0.778846153846	0.503389830508
0.77903930131	0.50395480226
0.77787456446	0.504519774011
0.778260869565	0.505649717514
0.778162911612	0.507344632768
0.7776816609	0.50790960452
0.776724137931	0.509039548023
0.776440240757	0.510169491525
0.776349614396	0.51186440678
0.776732249786	0.512994350282
0.776450511945	0.514124293785
0.776641091219	0.514689265537
0.776360544218	0.51581920904
0.776081424936	0.516949152542
0.776271186441	0.517514124294
0.776460626588	0.518079096045
0.776182432432	0.519209039548
0.776748104465	0.520903954802
0.776194467728	0.523163841808
0.775271512114	0.524293785311
0.775	0.525423728814
0.775561097257	0.527118644068
0.775747508306	0.527683615819
0.775933609959	0.528248587571
0.775020678246	0.529378531073
0.774566473988	0.529943502825
0.774299835255	0.531073446328
0.774034511093	0.532203389831
0.773770491803	0.533333333333
0.774325429272	0.535028248588
0.77387755102	0.535593220339
0.774429967427	0.537288135593
0.774796747967	0.538418079096
0.774533657745	0.539548022599
0.775080906149	0.541242937853
0.775444264943	0.542372881356
0.775181305399	0.543502824859
0.774919614148	0.544632768362
0.775280898876	0.545762711864
0.775020016013	0.546892655367
0.774580335731	0.547457627119
0.774065234686	0.549717514124
0.774244833068	0.550282485876
0.774603174603	0.551412429379
0.774781919112	0.55197740113
0.774091627172	0.553672316384
0.774625689519	0.555367231638
0.774803149606	0.55593220339
0.77568627451	0.558757062147
0.776387802971	0.561016949153
0.775526110678	0.562146892655
0.775875486381	0.563276836158
0.77399380805	0.564971751412
0.7733230532	0.566666666667
0.772902232487	0.567231638418
0.773006134969	0.569491525424
0.772762050497	0.570621468927
0.772692601068	0.572316384181
0.773211567732	0.574011299435
0.774071266111	0.576836158192
0.774583963691	0.578531073446
0.774754346183	0.579096045198
0.774509803922	0.580225988701
0.77460555973	0.582485875706
0.774774774775	0.583050847458
0.773952095808	0.58418079096
0.774121166791	0.584745762712
0.774289985052	0.585310734463
0.774217585693	0.587005649718
0.774385703649	0.587570621469
0.773977695167	0.58813559322
0.774145616642	0.588700564972
0.77390659748	0.589830508475
0.773668639053	0.590960451977
0.774336283186	0.593220338983
0.774668630339	0.594350282486
0.775330396476	0.596610169492
0.775659824047	0.597740112994
0.774122807018	0.598305084746
0.774781341108	0.600564971751
0.775272727273	0.602259887006
0.774474256708	0.603389830508
0.775126536515	0.605649717514
0.773612112473	0.606214689266
0.773381294964	0.607344632768
0.773706896552	0.608474576271
0.773476702509	0.609604519774
0.773962804006	0.611299435028
0.773733047823	0.612429378531
0.773665480427	0.614124293785
0.7734375	0.615254237288
0.77423920736	0.618079096045
0.774876499647	0.620338983051
0.774489076815	0.620903954802
0.774035087719	0.623163841808
0.774509803922	0.624858757062
0.7749825297	0.626553672316
0.774598743894	0.627118644068
0.775069637883	0.628813559322
0.77307425399	0.629378531073
0.772695772696	0.629943502825
0.7723183391	0.630508474576
0.77194194886	0.631073446328
0.772413793103	0.632768361582
0.772195457674	0.633898305085
0.772664835165	0.635593220339
0.771761480466	0.63615819209
0.772073921971	0.637288135593
0.772229822161	0.637853107345
0.772696245734	0.639548022599
0.772851296044	0.64011299435
0.772479564033	0.640677966102
0.772048846676	0.642937853107
0.772357723577	0.64406779661
0.772819472617	0.645762711864
0.772604588394	0.646892655367
0.772757923129	0.647457627119
0.772024209818	0.648587570621
0.772483221477	0.650282485876
0.77294038848	0.65197740113
0.772879091516	0.653672316384
0.772515010007	0.654237288136
0.772151898734	0.654802259887
0.771941489362	0.65593220339
0.771580345286	0.656497175141
0.771883289125	0.657627118644
0.772185430464	0.658757062147
0.772336201191	0.659322033898
0.771617161716	0.660451977401
0.770750988142	0.661016949153
0.771052631579	0.662146892655
0.771653543307	0.664406779661
0.771952817824	0.665536723164
0.771596858639	0.666101694915
0.77088772846	0.667231638418
0.770684039088	0.668361581921
0.770833333333	0.668926553672
0.770481144343	0.669491525424
0.770279039585	0.670621468927
0.770077720207	0.671751412429
0.770375161708	0.672881355932
0.770523594053	0.673446327684
0.770618556701	0.675706214689
0.769774919614	0.676271186441
0.769922879177	0.676836158192
0.770365618987	0.678531073446
0.77065983344	0.679661016949
0.77031349968	0.680225988701
0.770460358056	0.680790960452
0.770899808551	0.682485875706
0.771045918367	0.683050847458
0.770502225048	0.684745762712
0.770304568528	0.685875706215
0.770595690748	0.687005649718
0.769765970904	0.687570621469
0.769425142135	0.68813559322
0.769230769231	0.689265536723
0.769376181474	0.689830508475
0.769037130271	0.690395480226
0.769617074702	0.692655367232
0.768315591735	0.693220338983
0.76846057572	0.693785310734
0.767645221736	0.694350282486
0.767456359102	0.695480225989
0.767123287671	0.69604519774
0.767412935323	0.697175141243
0.767846058349	0.698870056497
0.768421052632	0.701129943503
0.768707482993	0.702259887006
0.768518518519	0.703389830508
0.767857142857	0.704519774011
0.767670559312	0.705649717514
0.767813267813	0.706214689266
0.768382352941	0.708474576271
0.768665850673	0.709604519774
0.76880733945	0.710169491525
0.769089798412	0.711299435028
0.769652650823	0.713559322034
0.769792935445	0.714124293785
0.770072992701	0.715254237288
0.770212765957	0.71581920904
0.77035236938	0.716384180791
0.770024271845	0.716949152542
0.770858524788	0.720338983051
0.770996978852	0.720903954802
0.771411338963	0.722598870056
0.771686746988	0.723728813559
0.770895971137	0.724293785311
0.770845830834	0.725988700565
0.77125748503	0.727683615819
0.771531100478	0.728813559322
0.771804062127	0.729943502825
0.771479713604	0.730508474576
0.77115613826	0.731073446328
0.771105826397	0.732768361582
0.770326409496	0.733333333333
0.77059869591	0.734463276836
0.770734597156	0.735028248588
0.77100591716	0.73615819209
0.771546635183	0.738418079096
0.771361225692	0.739548022599
0.771764705882	0.741242937853
0.772166764533	0.742937853107
0.772434017595	0.74406779661
0.772114821324	0.744632768362
0.77224824356	0.745197740113
0.772063120982	0.746327683616
0.771745475773	0.746892655367
0.771428571429	0.747457627119
0.771112405358	0.74802259887
0.770930232558	0.749152542373
0.770881670534	0.750847457627
0.771014492754	0.751412429379
0.770833333333	0.752542372881
0.771098265896	0.753672316384
0.770917484132	0.754802259887
0.771181556196	0.75593220339
0.771313364055	0.756497175141
0.771001150748	0.757062146893
0.77082136703	0.758192090395
0.770200573066	0.759322033898
0.769891242129	0.75988700565
0.768264840183	0.760451977401
0.768091168091	0.761581920904
0.768223234624	0.762146892655
0.768355150825	0.762711864407
0.768181818182	0.76384180791
0.767573696145	0.764971751412
0.767270668177	0.765536723164
0.767665347654	0.767231638418
0.768320180383	0.770056497175
0.768581081081	0.771186440678
0.768711311199	0.771751412429
0.768841394826	0.772316384181
0.769101123596	0.773446327684
0.768799102132	0.774011299435
0.768928771733	0.774576271186
0.76918767507	0.775706214689
0.769574944072	0.777401129944
0.769273743017	0.777966101695
0.769402568398	0.778531073446
0.769359331476	0.780225988701
0.767777777778	0.780790960452
0.769059543684	0.780790960452
0.767480577137	0.781355932203
0.766721945826	0.783615819209
0.767570558937	0.783615819209
0.766133480419	0.784745762712
0.766556291391	0.784745762712
0.766391184573	0.785875706215
0.766648321409	0.787005649718
0.766062602965	0.78813559322
0.76560788609	0.789830508475
0.766447368421	0.789830508475
0.765992345544	0.791525423729
0.765411893071	0.792655367232
0.764002175095	0.793785310734
0.764417845484	0.793785310734
0.763300760043	0.794350282486
0.763143631436	0.795480225989
0.762858689767	0.79604519774
0.762574364521	0.796610169492
0.762702702703	0.797175141243
0.761853448276	0.798870056497
0.761571582347	0.799435028249
0.761699838623	0.8
0.760193133047	0.800564971751
0.761418592155	0.800564971751
0.760450160772	0.801694915254
0.75935828877	0.802259887006
0.76017130621	0.802259887006
0.758271077908	0.802824858757
0.759081196581	0.802824858757
0.755177907594	0.803389830508
0.755579171095	0.803389830508
0.756785524215	0.803389830508
0.757188498403	0.803389830508
0.754907161804	0.80395480226
0.754636989931	0.804519774011
0.754766949153	0.805084745763
0.754627181386	0.806214689266
0.754756871036	0.806779661017
0.753691983122	0.807344632768
0.753821823933	0.80790960452
0.753951527924	0.808474576271
0.754210526316	0.809604519774
0.753943217666	0.810169491525
0.754072517078	0.810734463277
